	0.000000	1.000000	2.649668
	0.150000	1.000000	-1.284233
	0.300000	1.000000	-0.341561
	0.450000	1.000000	-1.668071
	0.600000	1.000000	-2.322534
	0.750000	1.000000	2.365202
	0.900000	1.000000	-0.506459
	1.050000	1.000000	-0.839873
	1.200000	1.000000	1.526718
	1.350000	1.000000	4.359755
	1.500000	1.000000	-1.407512
	1.650000	1.000000	-1.094899
	1.800000	1.000000	0.434659
	1.950000	1.000000	2.992678
	2.100000	1.000000	-2.771086
	2.250000	1.000000	-3.645531
	2.400000	1.000000	-0.014671
	2.550000	1.000000	-0.581319
	2.700000	1.000000	0.340559
	2.850000	1.000000	-1.338477
	3.000000	1.000000	2.839615
	3.150000	1.000000	2.685585
	3.300000	1.000000	0.373222
	3.450000	1.000000	1.721081
	3.600000	1.000000	0.247653
	3.750000	1.000000	-1.929979
	3.900000	1.000000	-1.777204
	4.050000	1.000000	0.344956
	4.200000	1.000000	-3.215708
	4.350000	1.000000	-0.769744
	4.500000	1.000000	-0.461744
	4.650000	1.000000	2.339907
	4.800000	1.000000	2.057908
	4.950000	1.000000	1.866182
	5.100000	1.000000	1.889449
	5.250000	1.000000	-2.127811
	5.400000	1.000000	0.282659
	5.550000	1.000000	-4.331985
	5.700000	1.000000	1.146599
	5.850000	1.000000	2.551413
	6.000000	1.000000	-0.646308
	6.150000	1.000000	0.652140
	6.300000	1.000000	1.515292
	6.450000	1.000000	1.264138
	6.600000	1.000000	-1.435597
	6.750000	1.000000	0.027018
	6.900000	1.000000	-1.334663
	7.050000	1.000000	0.895190
	7.200000	1.000000	1.210335
	7.350000	1.000000	0.347167
	7.500000	1.000000	-2.332098
	7.650000	1.000000	1.193391
	7.800000	1.000000	-1.514070
	7.950000	1.000000	3.309560
	8.100000	1.000000	-3.305261
	8.250000	1.000000	-4.640459
	8.400000	1.000000	-2.844206
	8.550000	1.000000	-0.612944
	8.700000	1.000000	1.298261
	8.850000	1.000000	-0.398997
	9.000000	1.000000	-0.858197
	9.150000	1.000000	-2.311185
	9.300000	1.000000	1.006236
	9.450000	1.000000	0.994717
	9.600000	1.000000	-2.741791
	9.750000	1.000000	-1.514922
	9.900000	1.000000	0.240387
	10.050000	1.000000	0.324542
	10.200000	1.000000	-1.512035
	10.350000	1.000000	-0.256535
	10.500000	1.000000	-1.438963
	10.650000	1.000000	0.658983
	10.800000	1.000000	1.483165
	10.950000	1.000000	-1.189170
	11.100000	1.000000	-0.897725
	11.250000	1.000000	-2.875652
	11.400000	1.000000	3.143392
	11.550000	1.000000	-0.364304
	11.700000	1.000000	-1.923895
	11.850000	1.000000	-1.010645
	12.000000	1.000000	-1.173853
	12.150000	1.000000	2.223289
	12.300000	1.000000	-1.709237
	12.450000	1.000000	-0.258718
	12.600000	1.000000	0.771665
	12.750000	1.000000	0.437417
	12.900000	1.000000	-1.517572
	13.050000	1.000000	2.427456
	13.200000	1.000000	-0.259911
	13.350000	1.000000	3.438813
	13.500000	1.000000	2.312660
	13.650000	1.000000	0.114825
	13.800000	1.000000	0.193892
	13.950000	1.000000	1.510936
	14.100000	1.000000	-1.426935
	14.250000	1.000000	-2.131358
	14.400000	1.000000	0.597453
	14.550000	1.000000	2.485011
	14.700000	1.000000	4.052994
	14.850000	1.000000	0.190881
	15.000000	1.000000	2.545591
	15.150000	1.000000	1.052109
	15.300000	1.000000	1.645480
	15.450000	1.000000	1.383048
	15.600000	1.000000	-0.539965
	15.750000	1.000000	1.219055
	15.900000	1.000000	0.343875
	16.050000	1.000000	2.048608
	16.200000	1.000000	1.766477
	16.350000	1.000000	0.967666
	16.500000	1.000000	-1.732958
	16.650000	1.000000	0.714207
	16.800000	1.000000	1.855564
	16.950000	1.000000	3.252913
	17.100000	1.000000	1.099343
	17.250000	1.000000	1.881940
	17.400000	1.000000	-2.065389
	17.550000	1.000000	2.943419
	17.700000	1.000000	2.344512
	17.850000	1.000000	1.513592
	18.000000	1.000000	3.873731
	18.150000	1.000000	1.049056
	18.300000	1.000000	3.764592
	18.450000	1.000000	3.571158
	18.600000	1.000000	4.402845
	18.750000	1.000000	2.988942
	18.900000	1.000000	4.241221
	19.050000	1.000000	4.539560
	19.200000	1.000000	1.416794
	19.350000	1.000000	-0.522945
	19.500000	1.000000	4.851963
	19.650000	1.000000	0.859830
	19.800000	1.000000	4.602805
	19.950000	1.000000	0.527751
	20.100000	1.000000	-1.649317
	20.250000	1.000000	2.484495
	20.400000	1.000000	5.879134
	20.550000	1.000000	4.832243
	20.700000	1.000000	2.821503
	20.850000	1.000000	-0.154735
	21.000000	1.000000	1.534733
	21.150000	1.000000	6.776530
	21.300000	1.000000	6.378859
	21.450000	1.000000	4.782801
	21.600000	1.000000	5.962669
	21.750000	1.000000	2.079012
	21.900000	1.000000	-1.434519
	22.050000	1.000000	6.341596
	22.200000	1.000000	6.049306
	22.350000	1.000000	7.108596
	22.500000	1.000000	5.364515
	22.650000	1.000000	5.410984
	22.800000	1.000000	2.533644
	22.950000	1.000000	3.368551
	23.100000	1.000000	8.041196
	23.250000	1.000000	3.042638
	23.400000	1.000000	6.158207
	23.550000	1.000000	3.864649
	23.700000	1.000000	2.434787
	23.850000	1.000000	6.268009
	24.000000	1.000000	5.633892
	24.150000	1.000000	10.429180
	24.300000	1.000000	7.013598
	24.450000	1.000000	5.602578
	24.600000	1.000000	7.764717
	24.750000	1.000000	4.514427
	24.900000	1.000000	7.817784
	25.050000	1.000000	10.430179
	25.200000	1.000000	2.894170
	25.350000	1.000000	8.255449
	25.500000	1.000000	4.491548
	25.650000	1.000000	10.329365
	25.800000	1.000000	7.674994
	25.950000	1.000000	10.052499
	26.100000	1.000000	5.780085
	26.250000	1.000000	7.436876
	26.400000	1.000000	7.134699
	26.550000	1.000000	9.427280
	26.700000	1.000000	7.582709
	26.850000	1.000000	10.088092
	27.000000	1.000000	7.243466
	27.150000	1.000000	6.176503
	27.300000	1.000000	8.645866
	27.450000	1.000000	4.382094
	27.600000	1.000000	11.728132
	27.750000	1.000000	8.236570
	27.900000	1.000000	9.121341
	28.050000	1.000000	8.609385
	28.200000	1.000000	8.541907
	28.350000	1.000000	6.938089
	28.500000	1.000000	11.671847
	28.650000	1.000000	7.560280
	28.800000	1.000000	11.050099
	28.950000	1.000000	14.228240
	29.100000	1.000000	6.218640
	29.250000	1.000000	8.653397
	29.400000	1.000000	9.879745
	29.550000	1.000000	11.199031
	29.700000	1.000000	8.054760
	29.850000	1.000000	7.818095
	30.000000	1.000000	10.571925
	30.150000	1.000000	10.480778
	30.300000	1.000000	8.962779
	30.450000	1.000000	10.826482
	30.600000	1.000000	16.065629
	30.750000	1.000000	9.586522
	30.900000	1.000000	7.767141
	31.050000	1.000000	11.070858
	31.200000	1.000000	11.318966
	31.350000	1.000000	7.258212
	31.500000	1.000000	11.592068
	31.650000	1.000000	15.675114
	31.800000	1.000000	8.475247
	31.950000	1.000000	12.259042
	32.100000	1.000000	10.283990
	32.250000	1.000000	15.644594
	32.400000	1.000000	14.649322
	32.550000	1.000000	15.296616
	32.700000	1.000000	7.194444
	32.850000	1.000000	14.839298
	33.000000	1.000000	13.006626
	33.150000	1.000000	12.638440
	33.300000	1.000000	13.219349
	33.450000	1.000000	11.445784
	33.600000	1.000000	11.511050
	33.750000	1.000000	13.532540
	33.900000	1.000000	14.693438
	34.050000	1.000000	14.441725
	34.200000	1.000000	16.495448
	34.350000	1.000000	14.518405
	34.500000	1.000000	9.028802
	34.650000	1.000000	14.084806
	34.800000	1.000000	13.443833
	34.950000	1.000000	16.743296
	35.100000	1.000000	15.188879
	35.250000	1.000000	19.929704
	35.400000	1.000000	14.708685
	35.550000	1.000000	17.321341
	35.700000	1.000000	15.762150
	35.850000	1.000000	13.595599
	36.000000	1.000000	14.770641
	36.150000	1.000000	15.182244
	36.300000	1.000000	17.117296
	36.450000	1.000000	20.133078
	36.600000	1.000000	21.553503
	36.750000	1.000000	11.606257
	36.900000	1.000000	18.276487
	37.050000	1.000000	17.678843
	37.200000	1.000000	18.632346
	37.350000	1.000000	17.433843
	37.500000	1.000000	15.015616
	37.650000	1.000000	17.627313
	37.800000	1.000000	18.035794
	37.950000	1.000000	13.798541
	38.100000	1.000000	17.153741
	38.250000	1.000000	22.842283
	38.400000	1.000000	17.190329
	38.550000	1.000000	18.214627
	38.700000	1.000000	16.318247
	38.850000	1.000000	18.923069
	39.000000	1.000000	19.856537
	39.150000	1.000000	16.089563
	39.300000	1.000000	14.445338
	39.450000	1.000000	20.785551
	39.600000	1.000000	16.666669
	39.750000	1.000000	15.114967
	39.900000	1.000000	21.869933
	40.050000	1.000000	21.637129
	40.200000	1.000000	20.784137
	40.350000	1.000000	22.923708
	40.500000	1.000000	22.512451
	40.650000	1.000000	22.418556
	40.800000	1.000000	20.386329
	40.950000	1.000000	18.071919
	41.100000	1.000000	22.978869
	41.250000	1.000000	16.344756
	41.400000	1.000000	20.662271
	41.550000	1.000000	20.254145
	41.700000	1.000000	20.476983
	41.850000	1.000000	22.227077
	42.000000	1.000000	18.914067
	42.150000	1.000000	21.432875
	42.300000	1.000000	21.516171
	42.450000	1.000000	26.053776
	42.600000	1.000000	18.985773
	42.750000	1.000000	23.465255
	42.900000	1.000000	18.530072
	43.050000	1.000000	22.052540
	43.200000	1.000000	20.231302
	43.350000	1.000000	18.761427
	43.500000	1.000000	23.062774
	43.650000	1.000000	26.404991
	43.800000	1.000000	18.964328
	43.950000	1.000000	27.228949
	44.100000	1.000000	20.465776
	44.250000	1.000000	23.840958
	44.400000	1.000000	20.846725
	44.550000	1.000000	23.561236
	44.700000	1.000000	23.444831
	44.850000	1.000000	21.448475
	45.000000	1.000000	25.654622
	45.150000	1.000000	23.956641
	45.300000	1.000000	24.198837
	45.450000	1.000000	25.652009
	45.600000	1.000000	26.383953
	45.750000	1.000000	25.536952
	45.900000	1.000000	20.614701
	46.050000	1.000000	20.457618
	46.200000	1.000000	23.299309
	46.350000	1.000000	28.013066
	46.500000	1.000000	24.318023
	46.650000	1.000000	25.525875
	46.800000	1.000000	27.828167
	46.950000	1.000000	29.510582
	47.100000	1.000000	23.145590
	47.250000	1.000000	24.628414
	47.400000	1.000000	26.359907
	47.550000	1.000000	27.767305
	47.700000	1.000000	24.871070
	47.850000	1.000000	23.082904
	48.000000	1.000000	25.986939
	48.150000	1.000000	28.338607
	48.300000	1.000000	28.113162
	48.450000	1.000000	27.537616
	48.600000	1.000000	27.898011
	48.750000	1.000000	25.056474
	48.900000	1.000000	24.453556
	49.050000	1.000000	26.790296
	49.200000	1.000000	26.962925
	49.350000	1.000000	25.791250
	49.500000	1.000000	31.554920
	49.650000	1.000000	22.809660
	49.800000	1.000000	31.987359
	49.950000	1.000000	26.574787
	50.100000	1.000000	25.534588
	50.250000	1.000000	27.880780
	50.400000	1.000000	28.925538
	50.550000	1.000000	29.404237
	50.700000	1.000000	29.339466
	50.850000	1.000000	30.228905
	51.000000	1.000000	28.666781
	51.150000	1.000000	31.444840
	51.300000	1.000000	26.156900
	51.450000	1.000000	29.001205
	51.600000	1.000000	31.324023
	51.750000	1.000000	27.732327
	51.900000	1.000000	30.695455
	52.050000	1.000000	33.452617
	52.200000	1.000000	28.857101
	52.350000	1.000000	34.778622
	52.500000	1.000000	31.050285
	52.650000	1.000000	31.885207
	52.800000	1.000000	26.252232
	52.950000	1.000000	28.650541
	53.100000	1.000000	33.737312
	53.250000	1.000000	29.352149
	53.400000	1.000000	35.692338
	53.550000	1.000000	33.838445
	53.700000	1.000000	29.822042
	53.850000	1.000000	30.136311
	54.000000	1.000000	33.432255
	54.150000	1.000000	29.666263
	54.300000	1.000000	35.307909
	54.450000	1.000000	29.641825
	54.600000	1.000000	32.852715
	54.750000	1.000000	29.647460
	54.900000	1.000000	33.350851
	55.050000	1.000000	29.040641
	55.200000	1.000000	32.970353
	55.350000	1.000000	30.659084
	55.500000	1.000000	29.771612
	55.650000	1.000000	34.717674
	55.800000	1.000000	33.504955
	55.950000	1.000000	31.411193
	56.100000	1.000000	31.176896
	56.250000	1.000000	33.026708
	56.400000	1.000000	34.110117
	56.550000	1.000000	34.021346
	56.700000	1.000000	34.034376
	56.850000	1.000000	38.545401
	57.000000	1.000000	36.589696
	57.150000	1.000000	34.472243
	57.300000	1.000000	35.201709
	57.450000	1.000000	37.823610
	57.600000	1.000000	35.142075
	57.750000	1.000000	36.484104
	57.900000	1.000000	32.868829
	58.050000	1.000000	36.784818
	58.200000	1.000000	35.786788
	58.350000	1.000000	39.576486
	58.500000	1.000000	37.673547
	58.650000	1.000000	33.000397
	58.800000	1.000000	33.782266
	58.950000	1.000000	38.094415
	59.100000	1.000000	37.214994
	59.250000	1.000000	39.298091
	59.400000	1.000000	36.675904
	59.550000	1.000000	35.490638
	59.700000	1.000000	41.809108
	59.850000	1.000000	40.999351
	60.000000	1.000000	37.518949
	60.150000	1.000000	36.213728
	60.300000	1.000000	34.396530
	60.450000	1.000000	39.859253
	60.600000	1.000000	36.483889
	60.750000	1.000000	39.750666
	60.900000	1.000000	34.491109
	61.050000	1.000000	35.990654
	61.200000	1.000000	36.886439
	61.350000	1.000000	39.657061
	61.500000	1.000000	35.775627
	61.650000	1.000000	37.506873
	61.800000	1.000000	38.854272
	61.950000	1.000000	39.756015
	62.100000	1.000000	37.977628
	62.250000	1.000000	40.262733
	62.400000	1.000000	37.699838
	62.550000	1.000000	38.751704
	62.700000	1.000000	39.388668
	62.850000	1.000000	41.802281
	63.000000	1.000000	37.817750
	63.150000	1.000000	38.466320
	63.300000	1.000000	41.849705
	63.450000	1.000000	42.476192
	63.600000	1.000000	40.166244
	63.750000	1.000000	37.115767
	63.900000	1.000000	37.409186
	64.050000	1.000000	43.258960
	64.200000	1.000000	40.810902
	64.350000	1.000000	38.840984
	64.500000	1.000000	40.981823
	64.650000	1.000000	41.104565
	64.800000	1.000000	43.305035
	64.950000	1.000000	39.840374
	65.100000	1.000000	41.231498
	65.250000	1.000000	40.815001
	65.400000	1.000000	46.068363
	65.550000	1.000000	43.225888
	65.700000	1.000000	40.614418
	65.850000	1.000000	38.805350
	66.000000	1.000000	42.122364
	66.150000	1.000000	42.048177
	66.300000	1.000000	40.791851
	66.450000	1.000000	39.843275
	66.600000	1.000000	41.236065
	66.750000	1.000000	39.157587
	66.900000	1.000000	39.297602
	67.050000	1.000000	43.859891
	67.200000	1.000000	43.297027
	67.350000	1.000000	42.819338
	67.500000	1.000000	41.181983
	67.650000	1.000000	39.565239
	67.800000	1.000000	45.249208
	67.950000	1.000000	44.052602
	68.100000	1.000000	42.621189
	68.250000	1.000000	46.548158
	68.400000	1.000000	40.224970
	68.550000	1.000000	41.745960
	68.700000	1.000000	41.912747
	68.850000	1.000000	41.266459
	69.000000	1.000000	39.187161
	69.150000	1.000000	42.132396
	69.300000	1.000000	45.190861
	69.450000	1.000000	42.431237
	69.600000	1.000000	48.139831
	69.750000	1.000000	42.689528
	69.900000	1.000000	44.296876
	70.050000	1.000000	43.942206
	70.200000	1.000000	42.358344
	70.350000	1.000000	45.710132
	70.500000	1.000000	42.876520
	70.650000	1.000000	50.918996
	70.800000	1.000000	42.778801
	70.950000	1.000000	44.471720
	71.100000	1.000000	47.031534
	71.250000	1.000000	43.219737
	71.400000	1.000000	45.956536
	71.550000	1.000000	42.992082
	71.700000	1.000000	44.433726
	71.850000	1.000000	50.528877
	72.000000	1.000000	40.450815
	72.150000	1.000000	48.211150
	72.300000	1.000000	47.180137
	72.450000	1.000000	50.035725
	72.600000	1.000000	45.839396
	72.750000	1.000000	43.539309
	72.900000	1.000000	42.410422
	73.050000	1.000000	50.216651
	73.200000	1.000000	43.300533
	73.350000	1.000000	46.985542
	73.500000	1.000000	45.465730
	73.650000	1.000000	45.964667
	73.800000	1.000000	49.821025
	73.950000	1.000000	47.359412
	74.100000	1.000000	45.498213
	74.250000	1.000000	52.030759
	74.400000	1.000000	47.491947
	74.550000	1.000000	46.671835
	74.700000	1.000000	47.288421
	74.850000	1.000000	51.630265
	75.000000	1.000000	48.034084
	75.150000	1.000000	46.285336
	75.300000	1.000000	48.682448
	75.450000	1.000000	51.775599
	75.600000	1.000000	51.136626
	75.750000	1.000000	43.416668
	75.900000	1.000000	47.290565
	76.050000	1.000000	47.988827
	76.200000	1.000000	45.190648
	76.350000	1.000000	49.623474
	76.500000	1.000000	48.044717
	76.650000	1.000000	49.948202
	76.800000	1.000000	51.627153
	76.950000	1.000000	48.938938
	77.100000	1.000000	52.114681
	77.250000	1.000000	47.828849
	77.400000	1.000000	45.920379
	77.550000	1.000000	47.910499
	77.700000	1.000000	50.743679
	77.850000	1.000000	50.260384
	78.000000	1.000000	50.152488
	78.150000	1.000000	49.053445
	78.300000	1.000000	47.066286
	78.450000	1.000000	50.905563
	78.600000	1.000000	47.105768
	78.750000	1.000000	49.368281
	78.900000	1.000000	51.023418
	79.050000	1.000000	49.753701
	79.200000	1.000000	50.005050
	79.350000	1.000000	49.249066
	79.500000	1.000000	45.980398
	79.650000	1.000000	50.224421
	79.800000	1.000000	48.696687
	79.950000	1.000000	50.831857
	80.100000	1.000000	49.502714
	80.250000	1.000000	55.068628
	80.400000	1.000000	48.921727
	80.550000	1.000000	50.516119
	80.700000	1.000000	52.109802
	80.850000	1.000000	48.336556
	81.000000	1.000000	51.329154
	81.150000	1.000000	51.041506
	81.300000	1.000000	54.648959
	81.450000	1.000000	50.298706
	81.600000	1.000000	47.150258
	81.750000	1.000000	48.625186
	81.900000	1.000000	51.551042
	82.050000	1.000000	52.734770
	82.200000	1.000000	52.123143
	82.350000	1.000000	52.489105
	82.500000	1.000000	50.813472
	82.650000	1.000000	50.016457
	82.800000	1.000000	57.017246
	82.950000	1.000000	49.815064
	83.100000	1.000000	51.177028
	83.250000	1.000000	50.072536
	83.400000	1.000000	52.559128
	83.550000	1.000000	51.521261
	83.700000	1.000000	51.614604
	83.850000	1.000000	52.075505
	84.000000	1.000000	52.877915
	84.150000	1.000000	57.801033
	84.300000	1.000000	52.615817
	84.450000	1.000000	52.603174
	84.600000	1.000000	53.530883
	84.750000	1.000000	54.517333
	84.900000	1.000000	55.489441
	85.050000	1.000000	51.930493
	85.200000	1.000000	50.109299
	85.350000	1.000000	56.283795
	85.500000	1.000000	54.597048
	85.650000	1.000000	55.115076
	85.800000	1.000000	54.369659
	85.950000	1.000000	56.120553
	86.100000	1.000000	51.872319
	86.250000	1.000000	51.566113
	86.400000	1.000000	54.685148
	86.550000	1.000000	55.628264
	86.700000	1.000000	55.464866
	86.850000	1.000000	55.133344
	87.000000	1.000000	55.137196
	87.150000	1.000000	54.089431
	87.300000	1.000000	59.358999
	87.450000	1.000000	54.133173
	87.600000	1.000000	55.046920
	87.750000	1.000000	53.732937
	87.900000	1.000000	60.105677
	88.050000	1.000000	58.653143
	88.200000	1.000000	58.859566
	88.350000	1.000000	56.848801
	88.500000	1.000000	58.405115
	88.650000	1.000000	56.314274
	88.800000	1.000000	60.177408
	88.950000	1.000000	54.211762
	89.100000	1.000000	54.168592
	89.250000	1.000000	55.548920
	89.400000	1.000000	53.780365
	89.550000	1.000000	59.481041
	89.700000	1.000000	51.209363
	89.850000	1.000000	58.504209
	90.000000	1.000000	54.450195
	90.150000	1.000000	59.149032
	90.300000	1.000000	56.662552
	90.450000	1.000000	58.409190
	90.600000	1.000000	58.000997
	90.750000	1.000000	57.320991
	90.900000	1.000000	54.326582
	91.050000	1.000000	58.548368
	91.200000	1.000000	56.747485
	91.350000	1.000000	57.141173
	91.500000	1.000000	56.242889
	91.650000	1.000000	59.563117
	91.800000	1.000000	57.005851
	91.950000	1.000000	56.295838
	92.100000	1.000000	56.277416
	92.250000	1.000000	54.226767
	92.400000	1.000000	57.515841
	92.550000	1.000000	58.150956
	92.700000	1.000000	58.235594
	92.850000	1.000000	63.345488
	93.000000	1.000000	59.852295
	93.150000	1.000000	58.794089
	93.300000	1.000000	55.685536
	93.450000	1.000000	56.236865
	93.600000	1.000000	57.487162
	93.750000	1.000000	61.032619
	93.900000	1.000000	57.717054
	94.050000	1.000000	53.677767
	94.200000	1.000000	56.665267
	94.350000	1.000000	62.219371
	94.500000	1.000000	60.978700
	94.650000	1.000000	56.301885
	94.800000	1.000000	57.807357
	94.950000	1.000000	61.198186
	95.100000	1.000000	57.309347
	95.250000	1.000000	59.165069
	95.400000	1.000000	56.915637
	95.550000	1.000000	58.444338
	95.700000	1.000000	56.949526
	95.850000	1.000000	61.965566
	96.000000	1.000000	57.914098
	96.150000	1.000000	56.082995
	96.300000	1.000000	61.537147
	96.450000	1.000000	60.759694
	96.600000	1.000000	57.109689
	96.750000	1.000000	61.473303
	96.900000	1.000000	60.339801
	97.050000	1.000000	59.350317
	97.200000	1.000000	62.667351
	97.350000	1.000000	61.352966
	97.500000	1.000000	64.048880
	97.650000	1.000000	64.437262
	97.800000	1.000000	61.853389
	97.950000	1.000000	57.697079
	98.100000	1.000000	60.591676
	98.250000	1.000000	64.534788
	98.400000	1.000000	60.582857
	98.550000	1.000000	61.654360
	98.700000	1.000000	61.909984
	98.850000	1.000000	55.764203
	99.000000	1.000000	63.628159
	99.150000	1.000000	60.517604
	99.300000	1.000000	58.993942
	99.450000	1.000000	63.357349
	99.600000	1.000000	60.538158
	99.750000	1.000000	64.549221
	99.900000	1.000000	63.834293
	100.050000	1.000000	65.835680
	100.200000	1.000000	61.245754
	100.350000	1.000000	63.016156
	100.500000	1.000000	61.936452
	100.650000	1.000000	62.481492
	100.800000	1.000000	60.804722
	100.950000	1.000000	61.894592
	101.100000	1.000000	65.328656
	101.250000	1.000000	62.045636
	101.400000	1.000000	59.889670
	101.550000	1.000000	63.776736
	101.700000	1.000000	62.323662
	101.850000	1.000000	64.183091
	102.000000	1.000000	63.513701
	102.150000	1.000000	60.113901
	102.300000	1.000000	62.234870
	102.450000	1.000000	63.542848
	102.600000	1.000000	61.320454
	102.750000	1.000000	59.122367
	102.900000	1.000000	61.344300
	103.050000	1.000000	57.156833
	103.200000	1.000000	62.114592
	103.350000	1.000000	63.403242
	103.500000	1.000000	61.144334
	103.650000	1.000000	64.182684
	103.800000	1.000000	58.853729
	103.950000	1.000000	66.161505
	104.100000	1.000000	58.469976
	104.250000	1.000000	62.540527
	104.400000	1.000000	62.006028
	104.550000	1.000000	66.216927
	104.700000	1.000000	65.625507
	104.850000	1.000000	61.040867
	105.000000	1.000000	61.455580
	105.150000	1.000000	60.834187
	105.300000	1.000000	65.831669
	105.450000	1.000000	65.444178
	105.600000	1.000000	65.561194
	105.750000	1.000000	65.547534
	105.900000	1.000000	63.424868
	106.050000	1.000000	61.048802
	106.200000	1.000000	68.695099
	106.350000	1.000000	60.597671
	106.500000	1.000000	62.418710
	106.650000	1.000000	65.025295
	106.800000	1.000000	64.420507
	106.950000	1.000000	62.466317
	107.100000	1.000000	61.273082
	107.250000	1.000000	61.406262
	107.400000	1.000000	62.653700
	107.550000	1.000000	65.812680
	107.700000	1.000000	66.785410
	107.850000	1.000000	66.083559
	108.000000	1.000000	65.045607
	108.150000	1.000000	66.948584
	108.300000	1.000000	61.446046
	108.450000	1.000000	64.079675
	108.600000	1.000000	64.845233
	108.750000	1.000000	70.974659
	108.900000	1.000000	69.999743
	109.050000	1.000000	62.595109
	109.200000	1.000000	66.660998
	109.350000	1.000000	64.740886
	109.500000	1.000000	63.723975
	109.650000	1.000000	66.261753
	109.800000	1.000000	68.313854
	109.950000	1.000000	64.542137
	110.100000	1.000000	68.364129
	110.250000	1.000000	62.536947
	110.400000	1.000000	63.022236
	110.550000	1.000000	66.099251
	110.700000	1.000000	68.354462
	110.850000	1.000000	62.564683
	111.000000	1.000000	67.520779
	111.150000	1.000000	65.034812
	111.300000	1.000000	63.866418
	111.450000	1.000000	62.754931
	111.600000	1.000000	62.209699
	111.750000	1.000000	68.032900
	111.900000	1.000000	64.938452
	112.050000	1.000000	67.448704
	112.200000	1.000000	59.806887
	112.350000	1.000000	65.088252
	112.500000	1.000000	66.220912
	112.650000	1.000000	63.577296
	112.800000	1.000000	65.825753
	112.950000	1.000000	61.115030
	113.100000	1.000000	68.704399
	113.250000	1.000000	64.662691
	113.400000	1.000000	60.821742
	113.550000	1.000000	63.980894
	113.700000	1.000000	63.380452
	113.850000	1.000000	66.351323
	114.000000	1.000000	64.841239
	114.150000	1.000000	69.501071
	114.300000	1.000000	64.386332
	114.450000	1.000000	63.801272
	114.600000	1.000000	66.642259
	114.750000	1.000000	65.263753
	114.900000	1.000000	67.517331
	115.050000	1.000000	66.001518
	115.200000	1.000000	65.580159
	115.350000	1.000000	65.900947
	115.500000	1.000000	64.653854
	115.650000	1.000000	61.528146
	115.800000	1.000000	64.305366
	115.950000	1.000000	66.071700
	116.100000	1.000000	69.262170
	116.250000	1.000000	64.629591
	116.400000	1.000000	62.619077
	116.550000	1.000000	63.656178
	116.700000	1.000000	67.726103
	116.850000	1.000000	67.272289
	117.000000	1.000000	64.937270
	117.150000	1.000000	66.623321
	117.300000	1.000000	69.083558
	117.450000	1.000000	70.930459
	117.600000	1.000000	67.680128
	117.750000	1.000000	70.974568
	117.900000	1.000000	63.625018
	118.050000	1.000000	64.346082
	118.200000	1.000000	66.344131
	118.350000	1.000000	67.483435
	118.500000	1.000000	66.915185
	118.650000	1.000000	66.422996
	118.800000	1.000000	66.204044
	118.950000	1.000000	67.702498
	119.100000	1.000000	68.847971
	119.250000	1.000000	70.311025
	119.400000	1.000000	72.795612
	119.550000	1.000000	73.143243
	119.700000	1.000000	67.983832
	119.850000	1.000000	69.811603
	120.000000	1.000000	68.918158
	120.150000	1.000000	69.514238
	120.300000	1.000000	73.458370
	120.450000	1.000000	67.572153
	120.600000	1.000000	67.853123
	120.750000	1.000000	68.120990
	120.900000	1.000000	70.025621
	121.050000	1.000000	68.115168
	121.200000	1.000000	67.508483
	121.350000	1.000000	65.833617
	121.500000	1.000000	66.218404
	121.650000	1.000000	67.515041
	121.800000	1.000000	69.324239
	121.950000	1.000000	70.233876
	122.100000	1.000000	65.938506
	122.250000	1.000000	72.497278
	122.400000	1.000000	66.749266
	122.550000	1.000000	66.443680
	122.700000	1.000000	68.018520
	122.850000	1.000000	68.104379
	123.000000	1.000000	66.994671
	123.150000	1.000000	62.675967
	123.300000	1.000000	69.787966
	123.450000	1.000000	66.890473
	123.600000	1.000000	67.083963
	123.750000	1.000000	69.111778
	123.900000	1.000000	67.666531
	124.050000	1.000000	66.413924
	124.200000	1.000000	67.884196
	124.350000	1.000000	66.639276
	124.500000	1.000000	65.972907
	124.650000	1.000000	69.809952
	124.800000	1.000000	68.767874
	124.950000	1.000000	70.315885
	125.100000	1.000000	64.321248
	125.250000	1.000000	68.785905
	125.400000	1.000000	71.939501
	125.550000	1.000000	68.310711
	125.700000	1.000000	67.092279
	125.850000	1.000000	65.825078
	126.000000	1.000000	66.118978
	126.150000	1.000000	65.580085
	126.300000	1.000000	67.874829
	126.450000	1.000000	70.116448
	126.600000	1.000000	67.274705
	126.750000	1.000000	69.857698
	126.900000	1.000000	70.730427
	127.050000	1.000000	66.856241
	127.200000	1.000000	69.997173
	127.350000	1.000000	71.913782
	127.500000	1.000000	68.657677
	127.650000	1.000000	69.819227
	127.800000	1.000000	70.962691
	127.950000	1.000000	70.895687
	128.100000	1.000000	71.263161
	128.250000	1.000000	69.871593
	128.400000	1.000000	73.893534
	128.550000	1.000000	69.287762
	128.700000	1.000000	72.212481
	128.850000	1.000000	69.241971
	129.000000	1.000000	68.927859
	129.150000	1.000000	66.936126
	129.300000	1.000000	69.960260
	129.450000	1.000000	72.195633
	129.600000	1.000000	65.611306
	129.750000	1.000000	72.192085
	129.900000	1.000000	70.854599
	130.050000	1.000000	67.360278
	130.200000	1.000000	69.377948
	130.350000	1.000000	68.646270
	130.500000	1.000000	70.124320
	130.650000	1.000000	69.349452
	130.800000	1.000000	71.864405
	130.950000	1.000000	71.342849
	131.100000	1.000000	70.501709
	131.250000	1.000000	70.329186
	131.400000	1.000000	69.740219
	131.550000	1.000000	70.514674
	131.700000	1.000000	70.853884
	131.850000	1.000000	68.763950
	132.000000	1.000000	67.658473
	132.150000	1.000000	69.994723
	132.300000	1.000000	70.964785
	132.450000	1.000000	70.955284
	132.600000	1.000000	67.728631
	132.750000	1.000000	71.361182
	132.900000	1.000000	70.129083
	133.050000	1.000000	65.963848
	133.200000	1.000000	71.944183
	133.350000	1.000000	70.296018
	133.500000	1.000000	71.217497
	133.650000	1.000000	69.008106
	133.800000	1.000000	69.465154
	133.950000	1.000000	72.965237
	134.100000	1.000000	72.731892
	134.250000	1.000000	71.044175
	134.400000	1.000000	69.045551
	134.550000	1.000000	68.062384
	134.700000	1.000000	69.245655
	134.850000	1.000000	74.822999
	135.000000	1.000000	69.427330
	135.150000	1.000000	69.960358
	135.300000	1.000000	71.857393
	135.450000	1.000000	69.389859
	135.600000	1.000000	71.335976
	135.750000	1.000000	70.179107
	135.900000	1.000000	69.056861
	136.050000	1.000000	67.370157
	136.200000	1.000000	72.247376
	136.350000	1.000000	71.598700
	136.500000	1.000000	67.616902
	136.650000	1.000000	72.264080
	136.800000	1.000000	68.603700
	136.950000	1.000000	69.463007
	137.100000	1.000000	71.060955
	137.250000	1.000000	70.739020
	137.400000	1.000000	72.394333
	137.550000	1.000000	68.458659
	137.700000	1.000000	68.325746
	137.850000	1.000000	67.158305
	138.000000	1.000000	67.076248
	138.150000	1.000000	69.043243
	138.300000	1.000000	72.264971
	138.450000	1.000000	72.490433
	138.600000	1.000000	70.953847
	138.750000	1.000000	70.432910
	138.900000	1.000000	69.565335
	139.050000	1.000000	70.288030
	139.200000	1.000000	69.012800
	139.350000	1.000000	67.411813
	139.500000	1.000000	71.484069
	139.650000	1.000000	70.030392
	139.800000	1.000000	68.968984
	139.950000	1.000000	69.320241
	140.100000	1.000000	68.075625
	140.250000	1.000000	71.321018
	140.400000	1.000000	72.663468
	140.550000	1.000000	71.216290
	140.700000	1.000000	67.282084
	140.850000	1.000000	76.268039
	141.000000	1.000000	72.184031
	141.150000	1.000000	71.340286
	141.300000	1.000000	69.962994
	141.450000	1.000000	73.829551
	141.600000	1.000000	74.747038
	141.750000	1.000000	72.835536
	141.900000	1.000000	72.776627
	142.050000	1.000000	73.131177
	142.200000	1.000000	72.944290
	142.350000	1.000000	71.025866
	142.500000	1.000000	70.782527
	142.650000	1.000000	72.228402
	142.800000	1.000000	74.905882
	142.950000	1.000000	68.018074
	143.100000	1.000000	73.141694
	143.250000	1.000000	73.161706
	143.400000	1.000000	76.146231
	143.550000	1.000000	75.570766
	143.700000	1.000000	76.702078
	143.850000	1.000000	73.550058
	144.000000	1.000000	75.395233
	144.150000	1.000000	72.578748
	144.300000	1.000000	70.668985
	144.450000	1.000000	73.334443
	144.600000	1.000000	70.585205
	144.750000	1.000000	68.207199
	144.900000	1.000000	74.983686
	145.050000	1.000000	73.751323
	145.200000	1.000000	67.613866
	145.350000	1.000000	70.467583
	145.500000	1.000000	73.609782
	145.650000	1.000000	70.937908
	145.800000	1.000000	74.720248
	145.950000	1.000000	70.507355
	146.100000	1.000000	71.261638
	146.250000	1.000000	74.701001
	146.400000	1.000000	70.645412
	146.550000	1.000000	71.795105
	146.700000	1.000000	68.983203
	146.850000	1.000000	76.158504
	147.000000	1.000000	74.439464
	147.150000	1.000000	76.588330
	147.300000	1.000000	72.428324
	147.450000	1.000000	71.936737
	147.600000	1.000000	73.717432
	147.750000	1.000000	76.470343
	147.900000	1.000000	70.176509
	148.050000	1.000000	74.079245
	148.200000	1.000000	66.696743
	148.350000	1.000000	73.558947
	148.500000	1.000000	69.069994
	148.650000	1.000000	74.838103
	148.800000	1.000000	76.295922
	148.950000	1.000000	73.940039
	149.100000	1.000000	71.605092
	149.250000	1.000000	74.483651
	149.400000	1.000000	75.983014
	149.550000	1.000000	75.021007
	149.700000	1.000000	76.650524
	149.850000	1.000000	68.380658
	150.000000	1.000000	75.215933
	150.150000	1.000000	70.735783
	150.300000	1.000000	73.057214
	150.450000	1.000000	73.776796
	150.600000	1.000000	71.839041
	150.750000	1.000000	75.405832
	150.900000	1.000000	73.065739
	151.050000	1.000000	75.932617
	151.200000	1.000000	74.855470
	151.350000	1.000000	71.234086
	151.500000	1.000000	73.579236
	151.650000	1.000000	75.136461
	151.800000	1.000000	71.460003
	151.950000	1.000000	73.204157
	152.100000	1.000000	75.327209
	152.250000	1.000000	71.372743
	152.400000	1.000000	73.447180
	152.550000	1.000000	77.053102
	152.700000	1.000000	75.918595
	152.850000	1.000000	74.876221
	153.000000	1.000000	73.128127
	153.150000	1.000000	74.849158
	153.300000	1.000000	75.037976
	153.450000	1.000000	77.167615
	153.600000	1.000000	77.071980
	153.750000	1.000000	71.113448
	153.900000	1.000000	72.552469
	154.050000	1.000000	73.823791
	154.200000	1.000000	74.695041
	154.350000	1.000000	76.553827
	154.500000	1.000000	70.865225
	154.650000	1.000000	74.785355
	154.800000	1.000000	75.708662
	154.950000	1.000000	70.725438
	155.100000	1.000000	72.844555
	155.250000	1.000000	77.696512
	155.400000	1.000000	74.500889
	155.550000	1.000000	72.288450
	155.700000	1.000000	72.636001
	155.850000	1.000000	74.118264
	156.000000	1.000000	71.982301
	156.150000	1.000000	73.570104
	156.300000	1.000000	75.898339
	156.450000	1.000000	74.792010
	156.600000	1.000000	72.691192
	156.750000	1.000000	76.242117
	156.900000	1.000000	70.095449
	157.050000	1.000000	74.553489
	157.200000	1.000000	70.869135
	157.350000	1.000000	74.828967
	157.500000	1.000000	71.820187
	157.650000	1.000000	75.621517
	157.800000	1.000000	71.901453
	157.950000	1.000000	76.884965
	158.100000	1.000000	70.087449
	158.250000	1.000000	74.135959
	158.400000	1.000000	72.312818
	158.550000	1.000000	73.719140
	158.700000	1.000000	75.425197
	158.850000	1.000000	75.257735
	159.000000	1.000000	72.069958
	159.150000	1.000000	73.477078
	159.300000	1.000000	73.173659
	159.450000	1.000000	77.377849
	159.600000	1.000000	75.389445
	159.750000	1.000000	76.220533
	159.900000	1.000000	74.544267
	160.050000	1.000000	72.941911
	160.200000	1.000000	72.672070
	160.350000	1.000000	71.549305
	160.500000	1.000000	77.897655
	160.650000	1.000000	74.432132
	160.800000	1.000000	74.345575
	160.950000	1.000000	71.855043
	161.100000	1.000000	75.825617
	161.250000	1.000000	74.532261
	161.400000	1.000000	74.821081
	161.550000	1.000000	73.677207
	161.700000	1.000000	74.669807
	161.850000	1.000000	77.028122
	162.000000	1.000000	77.856724
	162.150000	1.000000	70.869246
	162.300000	1.000000	73.835315
	162.450000	1.000000	73.726864
	162.600000	1.000000	73.958666
	162.750000	1.000000	73.409084
	162.900000	1.000000	73.213717
	163.050000	1.000000	78.419572
	163.200000	1.000000	73.634142
	163.350000	1.000000	71.165470
	163.500000	1.000000	73.655654
	163.650000	1.000000	76.250339
	163.800000	1.000000	79.015350
	163.950000	1.000000	75.242475
	164.100000	1.000000	70.079804
	164.250000	1.000000	72.251639
	164.400000	1.000000	75.188750
	164.550000	1.000000	74.913474
	164.700000	1.000000	74.118181
	164.850000	1.000000	73.534852
	165.000000	1.000000	75.296784
	165.150000	1.000000	78.822431
	165.300000	1.000000	71.054534
	165.450000	1.000000	69.884910
	165.600000	1.000000	75.619993
	165.750000	1.000000	75.502253
	165.900000	1.000000	71.879682
	166.050000	1.000000	75.431139
	166.200000	1.000000	75.202834
	166.350000	1.000000	74.389158
	166.500000	1.000000	71.563158
	166.650000	1.000000	74.274309
	166.800000	1.000000	75.724742
	166.950000	1.000000	75.144946
	167.100000	1.000000	73.201960
	167.250000	1.000000	74.282136
	167.400000	1.000000	72.557374
	167.550000	1.000000	76.940898
	167.700000	1.000000	72.746771
	167.850000	1.000000	74.249483
	168.000000	1.000000	75.562401
	168.150000	1.000000	75.044607
	168.300000	1.000000	77.234029
	168.450000	1.000000	75.504415
	168.600000	1.000000	74.945017
	168.750000	1.000000	71.635708
	168.900000	1.000000	76.191873
	169.050000	1.000000	77.601365
	169.200000	1.000000	71.495522
	169.350000	1.000000	78.355053
	169.500000	1.000000	72.325322
	169.650000	1.000000	74.865338
	169.800000	1.000000	76.000469
	169.950000	1.000000	75.317576
	170.100000	1.000000	76.127898
	170.250000	1.000000	74.153823
	170.400000	1.000000	78.540442
	170.550000	1.000000	73.952967
	170.700000	1.000000	76.135893
	170.850000	1.000000	78.315939
	171.000000	1.000000	73.414353
	171.150000	1.000000	77.362036
	171.300000	1.000000	72.715742
	171.450000	1.000000	75.506059
	171.600000	1.000000	79.240791
	171.750000	1.000000	77.599915
	171.900000	1.000000	79.000029
	172.050000	1.000000	78.722792
	172.200000	1.000000	73.479305
	172.350000	1.000000	73.492310
	172.500000	1.000000	74.422388
	172.650000	1.000000	72.882247
	172.800000	1.000000	75.144275
	172.950000	1.000000	73.117416
	173.100000	1.000000	77.073848
	173.250000	1.000000	71.791540
	173.400000	1.000000	73.050142
	173.550000	1.000000	76.030558
	173.700000	1.000000	75.237361
	173.850000	1.000000	74.397139
	174.000000	1.000000	75.523663
	174.150000	1.000000	74.392623
	174.300000	1.000000	75.437186
	174.450000	1.000000	72.936650
	174.600000	1.000000	76.300906
	174.750000	1.000000	76.174290
	174.900000	1.000000	77.244464
	175.050000	1.000000	75.245775
	175.200000	1.000000	71.781505
	175.350000	1.000000	80.184445
	175.500000	1.000000	68.370249
	175.650000	1.000000	77.633217
	175.800000	1.000000	77.518850
	175.950000	1.000000	73.611461
	176.100000	1.000000	74.847871
	176.250000	1.000000	73.997379
	176.400000	1.000000	76.202035
	176.550000	1.000000	73.926566
	176.700000	1.000000	76.767984
	176.850000	1.000000	75.119785
	177.000000	1.000000	80.257602
	177.150000	1.000000	73.353004
	177.300000	1.000000	76.061001
	177.450000	1.000000	78.952884
	177.600000	1.000000	75.783966
	177.750000	1.000000	76.353036
	177.900000	1.000000	73.438893
	178.050000	1.000000	72.159367
	178.200000	1.000000	78.464286
	178.350000	1.000000	72.919542
	178.500000	1.000000	77.351311
	178.650000	1.000000	79.734374
	178.800000	1.000000	75.121665
	178.950000	1.000000	79.011142
	179.100000	1.000000	73.641013
	179.250000	1.000000	72.750148
	179.400000	1.000000	74.004867
	179.550000	1.000000	76.824497
	179.700000	1.000000	70.945919
	179.850000	1.000000	78.811812
	180.000000	1.000000	78.377319
	180.150000	1.000000	79.395441
	180.300000	1.000000	74.885053
	180.450000	1.000000	78.739919
	180.600000	1.000000	79.301754
	180.750000	1.000000	74.289212
	180.900000	1.000000	76.681935
	181.050000	1.000000	78.243207
	181.200000	1.000000	74.455208
	181.350000	1.000000	74.380025
	181.500000	1.000000	74.780843
	181.650000	1.000000	76.581032
	181.800000	1.000000	75.656253
	181.950000	1.000000	75.072643
	182.100000	1.000000	76.358908
	182.250000	1.000000	76.669026
	182.400000	1.000000	71.531386
	182.550000	1.000000	73.394094
	182.700000	1.000000	75.108561
	182.850000	1.000000	74.023563
	183.000000	1.000000	78.119686
	183.150000	1.000000	78.319652
	183.300000	1.000000	73.896136
	183.450000	1.000000	75.837960
	183.600000	1.000000	72.175295
	183.750000	1.000000	74.584834
	183.900000	1.000000	74.019800
	184.050000	1.000000	75.865295
	184.200000	1.000000	77.989259
	184.350000	1.000000	71.756994
	184.500000	1.000000	76.867692
	184.650000	1.000000	78.798664
	184.800000	1.000000	74.863549
	184.950000	1.000000	78.894227
	185.100000	1.000000	76.778385
	185.250000	1.000000	77.952988
	185.400000	1.000000	78.060389
	185.550000	1.000000	75.519696
	185.700000	1.000000	77.749518
	185.850000	1.000000	74.561276
	186.000000	1.000000	75.732693
	186.150000	1.000000	75.642213
	186.300000	1.000000	79.686022
	186.450000	1.000000	76.378606
	186.600000	1.000000	75.874128
	186.750000	1.000000	72.955258
	186.900000	1.000000	75.306581
	187.050000	1.000000	75.956358
	187.200000	1.000000	75.840374
	187.350000	1.000000	75.580660
	187.500000	1.000000	76.426767
	187.650000	1.000000	78.049667
	187.800000	1.000000	72.905383
	187.950000	1.000000	75.582887
	188.100000	1.000000	73.447094
	188.250000	1.000000	75.037156
	188.400000	1.000000	78.401503
	188.550000	1.000000	75.610021
	188.700000	1.000000	77.920053
	188.850000	1.000000	76.666766
	189.000000	1.000000	79.403549
	189.150000	1.000000	77.926469
	189.300000	1.000000	76.912488
	189.450000	1.000000	73.876392
	189.600000	1.000000	78.853199
	189.750000	1.000000	76.368578
	189.900000	1.000000	72.077215
	190.050000	1.000000	78.672079
	190.200000	1.000000	74.737690
	190.350000	1.000000	74.458145
	190.500000	1.000000	74.978077
	190.650000	1.000000	77.148549
	190.800000	1.000000	76.169227
	190.950000	1.000000	73.423084
	191.100000	1.000000	77.110477
	191.250000	1.000000	77.384074
	191.400000	1.000000	75.238771
	191.550000	1.000000	72.461598
	191.700000	1.000000	79.530724
	191.850000	1.000000	77.385379
	192.000000	1.000000	74.216968
	192.150000	1.000000	78.822023
	192.300000	1.000000	80.040859
	192.450000	1.000000	75.359417
	192.600000	1.000000	77.689900
	192.750000	1.000000	78.016193
	192.900000	1.000000	75.476809
	193.050000	1.000000	80.054889
	193.200000	1.000000	81.828055
	193.350000	1.000000	74.349236
	193.500000	1.000000	74.252406
	193.650000	1.000000	72.062358
	193.800000	1.000000	73.916227
	193.950000	1.000000	77.113872
	194.100000	1.000000	79.458326
	194.250000	1.000000	77.287671
	194.400000	1.000000	79.859916
	194.550000	1.000000	76.227076
	194.700000	1.000000	78.108845
	194.850000	1.000000	75.840927
	195.000000	1.000000	79.730258
	195.150000	1.000000	72.163406
	195.300000	1.000000	75.683593
	195.450000	1.000000	71.249417
	195.600000	1.000000	78.071596
	195.750000	1.000000	77.100672
	195.900000	1.000000	73.994865
	196.050000	1.000000	76.398226
	196.200000	1.000000	75.454720
	196.350000	1.000000	70.930714
	196.500000	1.000000	74.090642
	196.650000	1.000000	76.139434
	196.800000	1.000000	79.938489
	196.950000	1.000000	78.032497
	197.100000	1.000000	73.754059
	197.250000	1.000000	75.659557
	197.400000	1.000000	75.378570
	197.550000	1.000000	78.203327
	197.700000	1.000000	76.983460
	197.850000	1.000000	77.324610
	198.000000	1.000000	74.869194
	198.150000	1.000000	75.397435
	198.300000	1.000000	75.726625
	198.450000	1.000000	75.732172
	198.600000	1.000000	74.032510
	198.750000	1.000000	77.890176
	198.900000	1.000000	74.053090
	199.050000	1.000000	72.266023
	199.200000	1.000000	73.492499
	199.350000	1.000000	79.583882
	199.500000	1.000000	82.464772
	199.650000	1.000000	76.052358
	199.800000	1.000000	81.717245
	199.950000	1.000000	76.378065
	200.100000	1.000000	75.323934
	200.250000	1.000000	76.166330
	200.400000	1.000000	76.845710
	200.550000	1.000000	76.607365
	200.700000	1.000000	79.908578
	200.850000	1.000000	75.086349
	201.000000	1.000000	77.097030
	201.150000	1.000000	79.179200
	201.300000	1.000000	77.254316
	201.450000	1.000000	78.101811
	201.600000	1.000000	77.267225
	201.750000	1.000000	76.488935
	201.900000	1.000000	78.414322
	202.050000	1.000000	78.369222
	202.200000	1.000000	79.822661
	202.350000	1.000000	77.312726
	202.500000	1.000000	73.404036
	202.650000	1.000000	76.484459
	202.800000	1.000000	78.096393
	202.950000	1.000000	77.216912
	203.100000	1.000000	77.969554
	203.250000	1.000000	76.401093
	203.400000	1.000000	75.106326
	203.550000	1.000000	77.765646
	203.700000	1.000000	77.011850
	203.850000	1.000000	74.378521
	204.000000	1.000000	79.454604
	204.150000	1.000000	76.710045
	204.300000	1.000000	75.242501
	204.450000	1.000000	82.199211
	204.600000	1.000000	76.769186
	204.750000	1.000000	76.559818
	204.900000	1.000000	77.584571
	205.050000	1.000000	76.920683
	205.200000	1.000000	78.492718
	205.350000	1.000000	76.828247
	205.500000	1.000000	77.554557
	205.650000	1.000000	76.963978
	205.800000	1.000000	74.391192
	205.950000	1.000000	81.554482
	206.100000	1.000000	75.543624
	206.250000	1.000000	74.151875
	206.400000	1.000000	78.421807
	206.550000	1.000000	79.120705
	206.700000	1.000000	77.445778
	206.850000	1.000000	77.985871
	207.000000	1.000000	79.488974
	207.150000	1.000000	77.244907
	207.300000	1.000000	76.768041
	207.450000	1.000000	74.194618
	207.600000	1.000000	77.963585
	207.750000	1.000000	78.876554
	207.900000	1.000000	75.925425
	208.050000	1.000000	79.556728
	208.200000	1.000000	77.465993
	208.350000	1.000000	75.290342
	208.500000	1.000000	81.841073
	208.650000	1.000000	76.916900
	208.800000	1.000000	79.246011
	208.950000	1.000000	75.620645
	209.100000	1.000000	78.110830
	209.250000	1.000000	75.742222
	209.400000	1.000000	79.489620
	209.550000	1.000000	74.080508
	209.700000	1.000000	78.447988
	209.850000	1.000000	76.468890
	210.000000	1.000000	79.223856
	210.150000	1.000000	79.786973
	210.300000	1.000000	79.084992
	210.450000	1.000000	77.180223
	210.600000	1.000000	76.422650
	210.750000	1.000000	76.207561
	210.900000	1.000000	76.545635
	211.050000	1.000000	75.907230
	211.200000	1.000000	79.266589
	211.350000	1.000000	77.022671
	211.500000	1.000000	71.966856
	211.650000	1.000000	76.931702
	211.800000	1.000000	74.894531
	211.950000	1.000000	79.478657
	212.100000	1.000000	76.259228
	212.250000	1.000000	74.195332
	212.400000	1.000000	75.446625
	212.550000	1.000000	78.334066
	212.700000	1.000000	75.256241
	212.850000	1.000000	73.096999
	213.000000	1.000000	81.639887
	213.150000	1.000000	77.356344
	213.300000	1.000000	77.619541
	213.450000	1.000000	76.903673
	213.600000	1.000000	78.727011
	213.750000	1.000000	79.691833
	213.900000	1.000000	75.274302
	214.050000	1.000000	75.084120
	214.200000	1.000000	72.448462
	214.350000	1.000000	78.227056
	214.500000	1.000000	76.813394
	214.650000	1.000000	78.651447
	214.800000	1.000000	77.045950
	214.950000	1.000000	76.329903
	215.100000	1.000000	80.381055
	215.250000	1.000000	80.949624
	215.400000	1.000000	76.518092
	215.550000	1.000000	78.915850
	215.700000	1.000000	79.001699
	215.850000	1.000000	73.206317
	216.000000	1.000000	80.928651
	216.150000	1.000000	75.820637
	216.300000	1.000000	76.155055
	216.450000	1.000000	79.412449
	216.600000	1.000000	78.354985
	216.750000	1.000000	77.614781
	216.900000	1.000000	74.308110
	217.050000	1.000000	78.653870
	217.200000	1.000000	78.966658
	217.350000	1.000000	75.217119
	217.500000	1.000000	76.260894
	217.650000	1.000000	78.321404
	217.800000	1.000000	77.219847
	217.950000	1.000000	76.233249
	218.100000	1.000000	75.281679
	218.250000	1.000000	75.705050
	218.400000	1.000000	82.392949
	218.550000	1.000000	76.823989
	218.700000	1.000000	76.105703
	218.850000	1.000000	73.846188
	219.000000	1.000000	79.928820
	219.150000	1.000000	73.400787
	219.300000	1.000000	71.300907
	219.450000	1.000000	77.227728
	219.600000	1.000000	75.482857
	219.750000	1.000000	82.740550
	219.900000	1.000000	77.757181
	220.050000	1.000000	76.257782
	220.200000	1.000000	78.158346
	220.350000	1.000000	74.530858
	220.500000	1.000000	77.525569
	220.650000	1.000000	74.774358
	220.800000	1.000000	79.333507
	220.950000	1.000000	77.725582
	221.100000	1.000000	77.349856
	221.250000	1.000000	78.795775
	221.400000	1.000000	80.134398
	221.550000	1.000000	78.219730
	221.700000	1.000000	79.976440
	221.850000	1.000000	77.346681
	222.000000	1.000000	75.498838
	222.150000	1.000000	78.514328
	222.300000	1.000000	78.456017
	222.450000	1.000000	76.828061
	222.600000	1.000000	78.479819
	222.750000	1.000000	78.391693
	222.900000	1.000000	79.255119
	223.050000	1.000000	74.989662
	223.200000	1.000000	82.325422
	223.350000	1.000000	76.525288
	223.500000	1.000000	77.410865
	223.650000	1.000000	76.733375
	223.800000	1.000000	79.180357
	223.950000	1.000000	76.621614
	224.100000	1.000000	76.641323
	224.250000	1.000000	76.089225
	224.400000	1.000000	78.645616
	224.550000	1.000000	75.913573
	224.700000	1.000000	78.227843
	224.850000	1.000000	76.965292
	225.000000	1.000000	74.014966
	225.150000	1.000000	77.340414
	225.300000	1.000000	78.181063
	225.450000	1.000000	77.936341
	225.600000	1.000000	79.938695
	225.750000	1.000000	75.824069
	225.900000	1.000000	76.251909
	226.050000	1.000000	78.079056
	226.200000	1.000000	77.611648
	226.350000	1.000000	79.687505
	226.500000	1.000000	74.470093
	226.650000	1.000000	78.696494
	226.800000	1.000000	78.698008
	226.950000	1.000000	76.211239
	227.100000	1.000000	76.550930
	227.250000	1.000000	76.971669
	227.400000	1.000000	81.213697
	227.550000	1.000000	82.350261
	227.700000	1.000000	75.630859
	227.850000	1.000000	74.271138
	228.000000	1.000000	76.557353
	228.150000	1.000000	76.907680
	228.300000	1.000000	76.768773
	228.450000	1.000000	77.105964
	228.600000	1.000000	76.792663
	228.750000	1.000000	78.216250
	228.900000	1.000000	80.935551
	229.050000	1.000000	76.653110
	229.200000	1.000000	75.706660
	229.350000	1.000000	76.587734
	229.500000	1.000000	76.329606
	229.650000	1.000000	74.922448
	229.800000	1.000000	77.616434
	229.950000	1.000000	75.906739
	230.100000	1.000000	76.179170
	230.250000	1.000000	73.823328
	230.400000	1.000000	77.426144
	230.550000	1.000000	77.985996
	230.700000	1.000000	78.425181
	230.850000	1.000000	75.174045
	231.000000	1.000000	76.927143
	231.150000	1.000000	76.005739
	231.300000	1.000000	79.310273
	231.450000	1.000000	76.212343
	231.600000	1.000000	75.947254
	231.750000	1.000000	77.425625
	231.900000	1.000000	80.295477
	232.050000	1.000000	76.622516
	232.200000	1.000000	71.280956
	232.350000	1.000000	74.317751
	232.500000	1.000000	76.910452
	232.650000	1.000000	76.423351
	232.800000	1.000000	76.423788
	232.950000	1.000000	80.021718
	233.100000	1.000000	79.029061
	233.250000	1.000000	79.534546
	233.400000	1.000000	76.793359
	233.550000	1.000000	75.476390
	233.700000	1.000000	76.426190
	233.850000	1.000000	76.133309
	234.000000	1.000000	81.092370
	234.150000	1.000000	76.204706
	234.300000	1.000000	79.521973
	234.450000	1.000000	78.092510
	234.600000	1.000000	77.480766
	234.750000	1.000000	79.312534
	234.900000	1.000000	77.457834
	235.050000	1.000000	80.453008
	235.200000	1.000000	72.952462
	235.350000	1.000000	73.640430
	235.500000	1.000000	75.197884
	235.650000	1.000000	78.155408
	235.800000	1.000000	75.437570
	235.950000	1.000000	79.287621
	236.100000	1.000000	76.292373
	236.250000	1.000000	77.890387
	236.400000	1.000000	78.198769
	236.550000	1.000000	78.086051
	236.700000	1.000000	76.102260
	236.850000	1.000000	77.066871
	237.000000	1.000000	77.947656
	237.150000	1.000000	78.016083
	237.300000	1.000000	75.517909
	237.450000	1.000000	75.115397
	237.600000	1.000000	78.701562
	237.750000	1.000000	75.136930
	237.900000	1.000000	77.926508
	238.050000	1.000000	74.319095
	238.200000	1.000000	81.717868
	238.350000	1.000000	80.068319
	238.500000	1.000000	75.892214
	238.650000	1.000000	76.755694
	238.800000	1.000000	76.101881
	238.950000	1.000000	78.228369
	239.100000	1.000000	80.000401
	239.250000	1.000000	73.699913
	239.400000	1.000000	78.193421
	239.550000	1.000000	78.137616
	239.700000	1.000000	77.324309
	239.850000	1.000000	74.281739
	240.000000	1.000000	80.567548
	240.150000	1.000000	75.005703
	240.300000	1.000000	74.912526
	240.450000	1.000000	78.059536
	240.600000	1.000000	75.696623
	240.750000	1.000000	74.040079
	240.900000	1.000000	78.798699
	241.050000	1.000000	77.721183
	241.200000	1.000000	74.812374
	241.350000	1.000000	76.236182
	241.500000	1.000000	76.890811
	241.650000	1.000000	81.441728
	241.800000	1.000000	77.727011
	241.950000	1.000000	78.483390
	242.100000	1.000000	79.608733
	242.250000	1.000000	76.287036
	242.400000	1.000000	79.167890
	242.550000	1.000000	77.636816
	242.700000	1.000000	78.501904
	242.850000	1.000000	78.276068
	243.000000	1.000000	80.740265
	243.150000	1.000000	76.292018
	243.300000	1.000000	81.274698
	243.450000	1.000000	71.655807
	243.600000	1.000000	79.454055
	243.750000	1.000000	74.448336
	243.900000	1.000000	77.028496
	244.050000	1.000000	77.246791
	244.200000	1.000000	82.192857
	244.350000	1.000000	78.678936
	244.500000	1.000000	76.745955
	244.650000	1.000000	75.940709
	244.800000	1.000000	75.208632
	244.950000	1.000000	76.228579
	245.100000	1.000000	76.735316
	245.250000	1.000000	79.168980
	245.400000	1.000000	80.502393
	245.550000	1.000000	80.575830
	245.700000	1.000000	73.890941
	245.850000	1.000000	80.914955
	246.000000	1.000000	77.411284
	246.150000	1.000000	75.457539
	246.300000	1.000000	79.821236
	246.450000	1.000000	76.525836
	246.600000	1.000000	77.360813
	246.750000	1.000000	70.152198
	246.900000	1.000000	78.861763
	247.050000	1.000000	82.488514
	247.200000	1.000000	82.342540
	247.350000	1.000000	76.511124
	247.500000	1.000000	77.798325
	247.650000	1.000000	78.404189
	247.800000	1.000000	74.936507
	247.950000	1.000000	78.397524
	248.100000	1.000000	77.540922
	248.250000	1.000000	79.754140
	248.400000	1.000000	81.093606
	248.550000	1.000000	75.414642
	248.700000	1.000000	74.315359
	248.850000	1.000000	76.740481
	249.000000	1.000000	79.288178
	249.150000	1.000000	78.649129
	249.300000	1.000000	80.066211
	249.450000	1.000000	75.008683
	249.600000	1.000000	77.362584
	249.750000	1.000000	75.344029
	249.900000	1.000000	77.895984
	250.050000	1.000000	81.529002
	250.200000	1.000000	75.106379
	250.350000	1.000000	78.512236
	250.500000	1.000000	79.144216
	250.650000	1.000000	75.814510
	250.800000	1.000000	80.802859
	250.950000	1.000000	79.534577
	251.100000	1.000000	78.009183
	251.250000	1.000000	77.453136
	251.400000	1.000000	76.011002
	251.550000	1.000000	77.638218
	251.700000	1.000000	76.761792
	251.850000	1.000000	77.298998
	252.000000	1.000000	76.763104
	252.150000	1.000000	76.787213
	252.300000	1.000000	78.649012
	252.450000	1.000000	80.228498
	252.600000	1.000000	77.543150
	252.750000	1.000000	76.734167
	252.900000	1.000000	74.802665
	253.050000	1.000000	78.632821
	253.200000	1.000000	76.440084
	253.350000	1.000000	78.513526
	253.500000	1.000000	76.707989
	253.650000	1.000000	78.174942
	253.800000	1.000000	77.786787
	253.950000	1.000000	74.231108
	254.100000	1.000000	76.979605
	254.250000	1.000000	74.994960
	254.400000	1.000000	75.272280
	254.550000	1.000000	73.976724
	254.700000	1.000000	75.900355
	254.850000	1.000000	78.212466
	255.000000	1.000000	76.768425
	255.150000	1.000000	77.511145
	255.300000	1.000000	73.710701
	255.450000	1.000000	76.245946
	255.600000	1.000000	77.701984
	255.750000	1.000000	76.961485
	255.900000	1.000000	76.832146
	256.050000	1.000000	78.495359
	256.200000	1.000000	81.596911
	256.350000	1.000000	78.849607
	256.500000	1.000000	76.908758
	256.650000	1.000000	75.932312
	256.800000	1.000000	76.598146
	256.950000	1.000000	76.306953
	257.100000	1.000000	75.199004
	257.250000	1.000000	76.134965
	257.400000	1.000000	77.795014
	257.550000	1.000000	77.376820
	257.700000	1.000000	76.857177
	257.850000	1.000000	74.881549
	258.000000	1.000000	77.140530
	258.150000	1.000000	77.042960
	258.300000	1.000000	79.595144
	258.450000	1.000000	77.619855
	258.600000	1.000000	75.513298
	258.750000	1.000000	72.805135
	258.900000	1.000000	78.358276
	259.050000	1.000000	83.873255
	259.200000	1.000000	78.046312
	259.350000	1.000000	80.428271
	259.500000	1.000000	77.306257
	259.650000	1.000000	74.949372
	259.800000	1.000000	77.093790
	259.950000	1.000000	80.951190
	260.100000	1.000000	74.167730
	260.250000	1.000000	78.613894
	260.400000	1.000000	75.462056
	260.550000	1.000000	79.187627
	260.700000	1.000000	78.085057
	260.850000	1.000000	79.714548
	261.000000	1.000000	78.229465
	261.150000	1.000000	82.071961
	261.300000	1.000000	78.954293
	261.450000	1.000000	77.978733
	261.600000	1.000000	77.973108
	261.750000	1.000000	78.529946
	261.900000	1.000000	77.068386
	262.050000	1.000000	74.567849
	262.200000	1.000000	76.134873
	262.350000	1.000000	75.999098
	262.500000	1.000000	80.859398
	262.650000	1.000000	79.027096
	262.800000	1.000000	79.970888
	262.950000	1.000000	73.883904
	263.100000	1.000000	78.897871
	263.250000	1.000000	79.607627
	263.400000	1.000000	81.790197
	263.550000	1.000000	77.651181
	263.700000	1.000000	81.092973
	263.850000	1.000000	80.770683
	264.000000	1.000000	76.256768
	264.150000	1.000000	78.229404
	264.300000	1.000000	76.886729
	264.450000	1.000000	79.983401
	264.600000	1.000000	78.157795
	264.750000	1.000000	79.331481
	264.900000	1.000000	77.960683
	265.050000	1.000000	76.750849
	265.200000	1.000000	80.441661
	265.350000	1.000000	77.475894
	265.500000	1.000000	77.304678
	265.650000	1.000000	78.309475
	265.800000	1.000000	82.590261
	265.950000	1.000000	78.014822
	266.100000	1.000000	78.655296
	266.250000	1.000000	80.587120
	266.400000	1.000000	77.856387
	266.550000	1.000000	78.691871
	266.700000	1.000000	78.196442
	266.850000	1.000000	82.277430
	267.000000	1.000000	75.914852
	267.150000	1.000000	77.481711
	267.300000	1.000000	75.441293
	267.450000	1.000000	76.529040
	267.600000	1.000000	76.659569
	267.750000	1.000000	80.431506
	267.900000	1.000000	76.733052
	268.050000	1.000000	78.713119
	268.200000	1.000000	78.244412
	268.350000	1.000000	74.952221
	268.500000	1.000000	79.711376
	268.650000	1.000000	75.479252
	268.800000	1.000000	80.181263
	268.950000	1.000000	76.580689
	269.100000	1.000000	75.842799
	269.250000	1.000000	79.922754
	269.400000	1.000000	78.274846
	269.550000	1.000000	78.870507
	269.700000	1.000000	80.696773
	269.850000	1.000000	76.956686
	270.000000	1.000000	79.040306
	270.150000	1.000000	77.777314
	270.300000	1.000000	77.165468
	270.450000	1.000000	75.626362
	270.600000	1.000000	79.439504
	270.750000	1.000000	78.160824
	270.900000	1.000000	77.058229
	271.050000	1.000000	79.923856
	271.200000	1.000000	81.397630
	271.350000	1.000000	76.016046
	271.500000	1.000000	76.938984
	271.650000	1.000000	78.115291
	271.800000	1.000000	77.908894
	271.950000	1.000000	71.652263
	272.100000	1.000000	75.918218
	272.250000	1.000000	78.414977
	272.400000	1.000000	77.021658
	272.550000	1.000000	77.874412
	272.700000	1.000000	77.519604
	272.850000	1.000000	79.721478
	273.000000	1.000000	75.937186
	273.150000	1.000000	80.512576
	273.300000	1.000000	80.826325
	273.450000	1.000000	80.304176
	273.600000	1.000000	79.664502
	273.750000	1.000000	79.233065
	273.900000	1.000000	77.390120
	274.050000	1.000000	79.441630
	274.200000	1.000000	82.254934
	274.350000	1.000000	74.922182
	274.500000	1.000000	76.994912
	274.650000	1.000000	75.196883
	274.800000	1.000000	74.621845
	274.950000	1.000000	76.116073
	275.100000	1.000000	76.653881
	275.250000	1.000000	76.043235
	275.400000	1.000000	78.512860
	275.550000	1.000000	74.235215
	275.700000	1.000000	78.215782
	275.850000	1.000000	78.023290
	276.000000	1.000000	76.842498
	276.150000	1.000000	75.256311
	276.300000	1.000000	75.747913
	276.450000	1.000000	78.810939
	276.600000	1.000000	77.146770
	276.750000	1.000000	79.799925
	276.900000	1.000000	76.213339
	277.050000	1.000000	77.790497
	277.200000	1.000000	77.229864
	277.350000	1.000000	74.570548
	277.500000	1.000000	80.232542
	277.650000	1.000000	75.090394
	277.800000	1.000000	77.546857
	277.950000	1.000000	78.757337
	278.100000	1.000000	78.940286
	278.250000	1.000000	78.926359
	278.400000	1.000000	79.981097
	278.550000	1.000000	77.340878
	278.700000	1.000000	78.471938
	278.850000	1.000000	73.990410
	279.000000	1.000000	79.741378
	279.150000	1.000000	78.238654
	279.300000	1.000000	78.892824
	279.450000	1.000000	77.355652
	279.600000	1.000000	81.221639
	279.750000	1.000000	84.792998
	279.900000	1.000000	77.608275
	280.050000	1.000000	80.534043
	280.200000	1.000000	77.894133
	280.350000	1.000000	79.774738
	280.500000	1.000000	82.017817
	280.650000	1.000000	76.120726
	280.800000	1.000000	77.783188
	280.950000	1.000000	76.510907
	281.100000	1.000000	79.297280
	281.250000	1.000000	76.855211
	281.400000	1.000000	74.766423
	281.550000	1.000000	80.568458
	281.700000	1.000000	77.863838
	281.850000	1.000000	79.781134
	282.000000	1.000000	78.234800
	282.150000	1.000000	79.531430
	282.300000	1.000000	75.144475
	282.450000	1.000000	79.437425
	282.600000	1.000000	80.250118
	282.750000	1.000000	76.363191
	282.900000	1.000000	78.517719
	283.050000	1.000000	78.195274
	283.200000	1.000000	82.355942
	283.350000	1.000000	80.584741
	283.500000	1.000000	77.799179
	283.650000	1.000000	78.880026
	283.800000	1.000000	77.795550
	283.950000	1.000000	79.011440
	284.100000	1.000000	79.180029
	284.250000	1.000000	80.382500
	284.400000	1.000000	79.203921
	284.550000	1.000000	80.014029
	284.700000	1.000000	79.536538
	284.850000	1.000000	78.184252
	285.000000	1.000000	79.956632
	285.150000	1.000000	73.502209
	285.300000	1.000000	77.852360
	285.450000	1.000000	81.796027
	285.600000	1.000000	79.302513
	285.750000	1.000000	73.703409
	285.900000	1.000000	79.412228
	286.050000	1.000000	78.770882
	286.200000	1.000000	80.284697
	286.350000	1.000000	73.949374
	286.500000	1.000000	76.739357
	286.650000	1.000000	79.432863
	286.800000	1.000000	76.327392
	286.950000	1.000000	75.844309
	287.100000	1.000000	80.051978
	287.250000	1.000000	77.999985
	287.400000	1.000000	79.059889
	287.550000	1.000000	79.330488
	287.700000	1.000000	77.959212
	287.850000	1.000000	78.391192
	288.000000	1.000000	78.326836
	288.150000	1.000000	77.635599
	288.300000	1.000000	76.724183
	288.450000	1.000000	79.302057
	288.600000	1.000000	80.112903
	288.750000	1.000000	78.607973
	288.900000	1.000000	83.159134
	289.050000	1.000000	77.425985
	289.200000	1.000000	77.164574
	289.350000	1.000000	77.459410
	289.500000	1.000000	73.758669
	289.650000	1.000000	80.491230
	289.800000	1.000000	72.691401
	289.950000	1.000000	77.659665
	290.100000	1.000000	76.057438
	290.250000	1.000000	78.754467
	290.400000	1.000000	75.210622
	290.550000	1.000000	77.376576
	290.700000	1.000000	75.272181
	290.850000	1.000000	76.567968
	291.000000	1.000000	78.402708
	291.150000	1.000000	78.740844
	291.300000	1.000000	77.155863
	291.450000	1.000000	79.498563
	291.600000	1.000000	83.921113
	291.750000	1.000000	76.513460
	291.900000	1.000000	81.269351
	292.050000	1.000000	76.927153
	292.200000	1.000000	75.569801
	292.350000	1.000000	75.415367
	292.500000	1.000000	80.374312
	292.650000	1.000000	75.711298
	292.800000	1.000000	77.533684
	292.950000	1.000000	77.502561
	293.100000	1.000000	79.753854
	293.250000	1.000000	78.425357
	293.400000	1.000000	75.013319
	293.550000	1.000000	76.528555
	293.700000	1.000000	80.710321
	293.850000	1.000000	83.211148
	294.000000	1.000000	72.846294
	294.150000	1.000000	79.346531
	294.300000	1.000000	79.330874
	294.450000	1.000000	79.873205
	294.600000	1.000000	75.621472
	294.750000	1.000000	76.124012
	294.900000	1.000000	72.002364
	295.050000	1.000000	81.345352
	295.200000	1.000000	77.825956
	295.350000	1.000000	82.725394
	295.500000	1.000000	75.434683
	295.650000	1.000000	76.144578
	295.800000	1.000000	78.791459
	295.950000	1.000000	79.042793
	296.100000	1.000000	78.271574
	296.250000	1.000000	73.594151
	296.400000	1.000000	76.101965
	296.550000	1.000000	81.975109
	296.700000	1.000000	76.359443
	296.850000	1.000000	79.797972
	297.000000	1.000000	80.132273
	297.150000	1.000000	75.663742
	297.300000	1.000000	78.053198
	297.450000	1.000000	77.830516
	297.600000	1.000000	78.663231
	297.750000	1.000000	75.110782
	297.900000	1.000000	75.846117
	298.050000	1.000000	78.395492
	298.200000	1.000000	81.355496
	298.350000	1.000000	79.820321
	298.500000	1.000000	79.426052
	298.650000	1.000000	76.146090
	298.800000	1.000000	78.062308
	298.950000	1.000000	73.573050
	299.100000	1.000000	76.249212
	299.250000	1.000000	76.276876
	299.400000	1.000000	75.302951
	299.550000	1.000000	73.800919
	299.700000	1.000000	75.944104
	299.850000	1.000000	77.915127
	300.000000	1.000000	73.873127
	300.150000	1.000000	82.074679
	300.300000	1.000000	83.120542
	300.450000	1.000000	76.480858
	300.600000	1.000000	77.924392
	300.750000	1.000000	77.307148
	300.900000	1.000000	82.572591
	301.050000	1.000000	80.683525
	301.200000	1.000000	77.891266
	301.350000	1.000000	78.874604
	301.500000	1.000000	79.874651
	301.650000	1.000000	82.945859
	301.800000	1.000000	82.772538
	301.950000	1.000000	75.066458
	302.100000	1.000000	77.466937
	302.250000	1.000000	80.742236
	302.400000	1.000000	78.392313
	302.550000	1.000000	79.779261
	302.700000	1.000000	78.035150
	302.850000	1.000000	78.939591
	303.000000	1.000000	79.427957
	303.150000	1.000000	79.431572
	303.300000	1.000000	79.161753
	303.450000	1.000000	82.560023
	303.600000	1.000000	77.186587
	303.750000	1.000000	78.628798
	303.900000	1.000000	79.152389
	304.050000	1.000000	78.007353
	304.200000	1.000000	77.433928
	304.350000	1.000000	76.122578
	304.500000	1.000000	79.315270
	304.650000	1.000000	74.096256
	304.800000	1.000000	75.219379
	304.950000	1.000000	79.335448
	305.100000	1.000000	79.853466
	305.250000	1.000000	79.316165
	305.400000	1.000000	79.837575
	305.550000	1.000000	81.131949
	305.700000	1.000000	77.465110
	305.850000	1.000000	78.225516
	306.000000	1.000000	79.154360
	306.150000	1.000000	77.439004
	306.300000	1.000000	79.698813
	306.450000	1.000000	79.321958
	306.600000	1.000000	75.172282
	306.750000	1.000000	74.506568
	306.900000	1.000000	81.591760
	307.050000	1.000000	76.146354
	307.200000	1.000000	76.457560
	307.350000	1.000000	74.510690
	307.500000	1.000000	76.174650
	307.650000	1.000000	77.099572
	307.800000	1.000000	79.678935
	307.950000	1.000000	76.972532
	308.100000	1.000000	77.667305
	308.250000	1.000000	80.933613
	308.400000	1.000000	77.095160
	308.550000	1.000000	79.607536
	308.700000	1.000000	75.007824
	308.850000	1.000000	76.166393
	309.000000	1.000000	76.773476
	309.150000	1.000000	83.580702
	309.300000	1.000000	80.973523
	309.450000	1.000000	80.295450
	309.600000	1.000000	77.827729
	309.750000	1.000000	78.482204
	309.900000	1.000000	82.359615
	310.050000	1.000000	80.898380
	310.200000	1.000000	75.539447
	310.350000	1.000000	75.413803
	310.500000	1.000000	75.651571
	310.650000	1.000000	77.222662
	310.800000	1.000000	78.775532
	310.950000	1.000000	78.009598
	311.100000	1.000000	75.549073
	311.250000	1.000000	77.209525
	311.400000	1.000000	75.372627
	311.550000	1.000000	79.194885
	311.700000	1.000000	80.241291
	311.850000	1.000000	72.678572
	312.000000	1.000000	78.783899
	312.150000	1.000000	75.719605
	312.300000	1.000000	82.825015
	312.450000	1.000000	78.943635
	312.600000	1.000000	79.580448
	312.750000	1.000000	79.329366
	312.900000	1.000000	75.691632
	313.050000	1.000000	79.666000
	313.200000	1.000000	79.418166
	313.350000	1.000000	74.010831
	313.500000	1.000000	77.381269
	313.650000	1.000000	76.394197
	313.800000	1.000000	74.010468
	313.950000	1.000000	77.074560
	314.100000	1.000000	80.611149
	314.250000	1.000000	75.656331
	314.400000	1.000000	76.962196
	314.550000	1.000000	76.975404
	314.700000	1.000000	80.198727
	314.850000	1.000000	78.151733
	315.000000	1.000000	78.442343
	315.150000	1.000000	83.263740
	315.300000	1.000000	78.889690
	315.450000	1.000000	75.381158
	315.600000	1.000000	82.378125
	315.750000	1.000000	78.510834
	315.900000	1.000000	77.120605
	316.050000	1.000000	78.983473
	316.200000	1.000000	76.661889
	316.350000	1.000000	79.166498
	316.500000	1.000000	79.305505
	316.650000	1.000000	76.157905
	316.800000	1.000000	79.853858
	316.950000	1.000000	80.016260
	317.100000	1.000000	78.379567
	317.250000	1.000000	81.068807
	317.400000	1.000000	79.207395
	317.550000	1.000000	77.507298
	317.700000	1.000000	77.901243
	317.850000	1.000000	75.348732
	318.000000	1.000000	73.390279
	318.150000	1.000000	75.866662
	318.300000	1.000000	77.309241
	318.450000	1.000000	76.435194
	318.600000	1.000000	77.450824
	318.750000	1.000000	79.831534
	318.900000	1.000000	78.606590
	319.050000	1.000000	80.294382
	319.200000	1.000000	79.328779
	319.350000	1.000000	75.318331
	319.500000	1.000000	76.841768
	319.650000	1.000000	75.434587
	319.800000	1.000000	76.051903
	319.950000	1.000000	77.305603
	320.100000	1.000000	78.229446
	320.250000	1.000000	72.478085
	320.400000	1.000000	78.003518
	320.550000	1.000000	76.196776
	320.700000	1.000000	80.427574
	320.850000	1.000000	74.232531
	321.000000	1.000000	80.531144
	321.150000	1.000000	75.419707
	321.300000	1.000000	75.067338
	321.450000	1.000000	80.939330
	321.600000	1.000000	77.563595
	321.750000	1.000000	76.902397
	321.900000	1.000000	78.215645
	322.050000	1.000000	76.698887
	322.200000	1.000000	79.454592
	322.350000	1.000000	76.825946
	322.500000	1.000000	77.829483
	322.650000	1.000000	79.363264
	322.800000	1.000000	79.945090
	322.950000	1.000000	79.982155
	323.100000	1.000000	77.366083
	323.250000	1.000000	79.342124
	323.400000	1.000000	77.953434
	323.550000	1.000000	76.261056
	323.700000	1.000000	80.844230
	323.850000	1.000000	75.985277
	324.000000	1.000000	79.442244
	324.150000	1.000000	76.828418
	324.300000	1.000000	77.969529
	324.450000	1.000000	77.491279
	324.600000	1.000000	78.125405
	324.750000	1.000000	78.239033
	324.900000	1.000000	80.559773
	325.050000	1.000000	79.139629
	325.200000	1.000000	78.489790
	325.350000	1.000000	75.780838
	325.500000	1.000000	76.958793
	325.650000	1.000000	77.251550
	325.800000	1.000000	80.170734
	325.950000	1.000000	74.026689
	326.100000	1.000000	75.250003
	326.250000	1.000000	80.085445
	326.400000	1.000000	77.615678
	326.550000	1.000000	78.906685
	326.700000	1.000000	75.504200
	326.850000	1.000000	77.534621
	327.000000	1.000000	75.188619
	327.150000	1.000000	78.190151
	327.300000	1.000000	77.529543
	327.450000	1.000000	79.077889
	327.600000	1.000000	79.492122
	327.750000	1.000000	78.607469
	327.900000	1.000000	77.618283
	328.050000	1.000000	78.961267
	328.200000	1.000000	79.865553
	328.350000	1.000000	80.278615
	328.500000	1.000000	80.501306
	328.650000	1.000000	75.976386
	328.800000	1.000000	76.371746
	328.950000	1.000000	76.744382
	329.100000	1.000000	74.802504
	329.250000	1.000000	79.127055
	329.400000	1.000000	76.231274
	329.550000	1.000000	79.312155
	329.700000	1.000000	77.443386
	329.850000	1.000000	76.851444
	330.000000	1.000000	77.248184
	330.150000	1.000000	77.788210
	330.300000	1.000000	77.204724
	330.450000	1.000000	80.352947
	330.600000	1.000000	76.549155
	330.750000	1.000000	80.162523
	330.900000	1.000000	76.039604
	331.050000	1.000000	75.127088
	331.200000	1.000000	76.222420
	331.350000	1.000000	76.492106
	331.500000	1.000000	80.545740
	331.650000	1.000000	75.883910
	331.800000	1.000000	76.201505
	331.950000	1.000000	75.939358
	332.100000	1.000000	76.891720
	332.250000	1.000000	78.621720
	332.400000	1.000000	77.047555
	332.550000	1.000000	78.027841
	332.700000	1.000000	78.420244
	332.850000	1.000000	81.798273
	333.000000	1.000000	80.990749
	333.150000	1.000000	78.780940
	333.300000	1.000000	79.083945
	333.450000	1.000000	78.864159
	333.600000	1.000000	75.440088
	333.750000	1.000000	73.721406
	333.900000	1.000000	76.440987
	334.050000	1.000000	77.294824
	334.200000	1.000000	77.608292
	334.350000	1.000000	79.353109
	334.500000	1.000000	75.722713
	334.650000	1.000000	79.116621
	334.800000	1.000000	83.450806
	334.950000	1.000000	77.115611
	335.100000	1.000000	75.508525
	335.250000	1.000000	74.826234
	335.400000	1.000000	78.239428
	335.550000	1.000000	79.272299
	335.700000	1.000000	80.497962
	335.850000	1.000000	77.376161
	336.000000	1.000000	77.073103
	336.150000	1.000000	72.883631
	336.300000	1.000000	75.113393
	336.450000	1.000000	77.763829
	336.600000	1.000000	79.144882
	336.750000	1.000000	81.016571
	336.900000	1.000000	77.117911
	337.050000	1.000000	80.993860
	337.200000	1.000000	82.632953
	337.350000	1.000000	78.481029
	337.500000	1.000000	82.019359
	337.650000	1.000000	81.367690
	337.800000	1.000000	75.611577
	337.950000	1.000000	79.843550
	338.100000	1.000000	80.111237
	338.250000	1.000000	78.425661
	338.400000	1.000000	84.533484
	338.550000	1.000000	77.913410
	338.700000	1.000000	73.861975
	338.850000	1.000000	83.165097
	339.000000	1.000000	75.313625
	339.150000	1.000000	80.737525
	339.300000	1.000000	81.649972
	339.450000	1.000000	80.828054
	339.600000	1.000000	79.462345
	339.750000	1.000000	77.494550
	339.900000	1.000000	79.751326
	340.050000	1.000000	81.398184
	340.200000	1.000000	78.243491
	340.350000	1.000000	78.639237
	340.500000	1.000000	76.945033
	340.650000	1.000000	75.835641
	340.800000	1.000000	78.337946
	340.950000	1.000000	77.490996
	341.100000	1.000000	75.648662
	341.250000	1.000000	79.360340
	341.400000	1.000000	78.881986
	341.550000	1.000000	77.467439
	341.700000	1.000000	74.524464
	341.850000	1.000000	76.009465
	342.000000	1.000000	79.788826
	342.150000	1.000000	79.375554
	342.300000	1.000000	78.394449
	342.450000	1.000000	76.022605
	342.600000	1.000000	79.912065
	342.750000	1.000000	77.585365
	342.900000	1.000000	79.657841
	343.050000	1.000000	77.590101
	343.200000	1.000000	76.502876
	343.350000	1.000000	81.780864
	343.500000	1.000000	73.212312
	343.650000	1.000000	75.331268
	343.800000	1.000000	81.161246
	343.950000	1.000000	76.278049
	344.100000	1.000000	76.425039
	344.250000	1.000000	77.453032
	344.400000	1.000000	77.873482
	344.550000	1.000000	81.421673
	344.700000	1.000000	82.084385
	344.850000	1.000000	74.098280
	345.000000	1.000000	79.348824
	345.150000	1.000000	78.685535
	345.300000	1.000000	74.889514
	345.450000	1.000000	83.173371
	345.600000	1.000000	80.648201
	345.750000	1.000000	74.139958
	345.900000	1.000000	76.461088
	346.050000	1.000000	79.341915
	346.200000	1.000000	78.574778
	346.350000	1.000000	81.002281
	346.500000	1.000000	78.512788
	346.650000	1.000000	81.207630
	346.800000	1.000000	76.098187
	346.950000	1.000000	77.333447
	347.100000	1.000000	80.588471
	347.250000	1.000000	77.099572
	347.400000	1.000000	81.859534
	347.550000	1.000000	81.478801
	347.700000	1.000000	78.396696
	347.850000	1.000000	77.759412
	348.000000	1.000000	78.200364
	348.150000	1.000000	78.575512
	348.300000	1.000000	78.643783
	348.450000	1.000000	76.312928
	348.600000	1.000000	80.366848
	348.750000	1.000000	76.678427
	348.900000	1.000000	75.976492
	349.050000	1.000000	75.315194
	349.200000	1.000000	77.644796
	349.350000	1.000000	77.895046
	349.500000	1.000000	73.067885
	349.650000	1.000000	79.742571
	349.800000	1.000000	79.070529
	349.950000	1.000000	78.372315
	350.100000	1.000000	76.851584
	350.250000	1.000000	76.378705
	350.400000	1.000000	78.185925
	350.550000	1.000000	77.905743
	350.700000	1.000000	78.564675
	350.850000	1.000000	84.501970
	351.000000	1.000000	78.137017
	351.150000	1.000000	80.136372
	351.300000	1.000000	81.602845
	351.450000	1.000000	78.085915
	351.600000	1.000000	81.515214
	351.750000	1.000000	78.158768
	351.900000	1.000000	74.311741
	352.050000	1.000000	75.399112
	352.200000	1.000000	81.155455
	352.350000	1.000000	77.225185
	352.500000	1.000000	81.493010
	352.650000	1.000000	76.270461
	352.800000	1.000000	73.793170
	352.950000	1.000000	78.763765
	353.100000	1.000000	83.997863
	353.250000	1.000000	77.803055
	353.400000	1.000000	81.716853
	353.550000	1.000000	73.807662
	353.700000	1.000000	75.335027
	353.850000	1.000000	77.963845
	354.000000	1.000000	74.413904
	354.150000	1.000000	77.452879
	354.300000	1.000000	72.656493
	354.450000	1.000000	76.897603
	354.600000	1.000000	75.745322
	354.750000	1.000000	75.323345
	354.900000	1.000000	78.685931
	355.050000	1.000000	76.498771
	355.200000	1.000000	80.307356
	355.350000	1.000000	73.189765
	355.500000	1.000000	77.118915
	355.650000	1.000000	74.741478
	355.800000	1.000000	78.572701
	355.950000	1.000000	78.674377
	356.100000	1.000000	81.198901
	356.250000	1.000000	77.147110
	356.400000	1.000000	76.647098
	356.550000	1.000000	74.749496
	356.700000	1.000000	77.564525
	356.850000	1.000000	76.257202
	357.000000	1.000000	78.444723
	357.150000	1.000000	77.396854
	357.300000	1.000000	74.980753
	357.450000	1.000000	77.238689
	357.600000	1.000000	77.165805
	357.750000	1.000000	76.641740
	357.900000	1.000000	76.721744
	358.050000	1.000000	77.764422
	358.200000	1.000000	77.837464
	358.350000	1.000000	76.195679
	358.500000	1.000000	74.837185
	358.650000	1.000000	82.402043
	358.800000	1.000000	79.605520
	358.950000	1.000000	75.605796
	359.100000	1.000000	76.764388
	359.250000	1.000000	78.779854
	359.400000	1.000000	75.389875
	359.550000	1.000000	78.643277
	359.700000	1.000000	76.975952
	359.850000	1.000000	77.636025
	360.000000	1.000000	78.099406
	360.150000	1.000000	79.112541
	360.300000	1.000000	75.434927
	360.450000	1.000000	75.875631
	360.600000	1.000000	75.081483
	360.750000	1.000000	78.989229
	360.900000	1.000000	78.560332
	361.050000	1.000000	75.022885
	361.200000	1.000000	73.808143
	361.350000	1.000000	79.887537
	361.500000	1.000000	75.644793
	361.650000	1.000000	80.793896
	361.800000	1.000000	80.195938
	361.950000	1.000000	80.887828
	362.100000	1.000000	78.744875
	362.250000	1.000000	81.965092
	362.400000	1.000000	82.511994
	362.550000	1.000000	76.856146
	362.700000	1.000000	75.393134
	362.850000	1.000000	76.654132
	363.000000	1.000000	80.140252
	363.150000	1.000000	80.315524
	363.300000	1.000000	83.002463
	363.450000	1.000000	78.936649
	363.600000	1.000000	78.765854
	363.750000	1.000000	79.174217
	363.900000	1.000000	77.805986
	364.050000	1.000000	79.762822
	364.200000	1.000000	75.901920
	364.350000	1.000000	79.063461
	364.500000	1.000000	76.019305
	364.650000	1.000000	79.661077
	364.800000	1.000000	78.565065
	364.950000	1.000000	80.450119
	365.100000	1.000000	80.656516
	365.250000	1.000000	81.978469
	365.400000	1.000000	76.486756
	365.550000	1.000000	78.745694
	365.700000	1.000000	81.548641
	365.850000	1.000000	76.778477
	366.000000	1.000000	77.070125
	366.150000	1.000000	76.598955
	366.300000	1.000000	80.483999
	366.450000	1.000000	76.833962
	366.600000	1.000000	76.886083
	366.750000	1.000000	76.752473
	366.900000	1.000000	75.751496
	367.050000	1.000000	74.574459
	367.200000	1.000000	81.393998
	367.350000	1.000000	75.725540
	367.500000	1.000000	71.435277
	367.650000	1.000000	76.855863
	367.800000	1.000000	80.480201
	367.950000	1.000000	77.452828
	368.100000	1.000000	77.265408
	368.250000	1.000000	72.715806
	368.400000	1.000000	76.197325
	368.550000	1.000000	78.470983
	368.700000	1.000000	77.617634
	368.850000	1.000000	78.956940
	369.000000	1.000000	81.943815
	369.150000	1.000000	81.667826
	369.300000	1.000000	75.438105
	369.450000	1.000000	79.823671
	369.600000	1.000000	75.463656
	369.750000	1.000000	75.746148
	369.900000	1.000000	77.129035
	370.050000	1.000000	77.885537
	370.200000	1.000000	77.538134
	370.350000	1.000000	78.897534
	370.500000	1.000000	80.691654
	370.650000	1.000000	75.771157
	370.800000	1.000000	78.668410
	370.950000	1.000000	78.085064
	371.100000	1.000000	81.311116
	371.250000	1.000000	75.196975
	371.400000	1.000000	73.066218
	371.550000	1.000000	77.724158
	371.700000	1.000000	78.107181
	371.850000	1.000000	74.725370
	372.000000	1.000000	80.190342
	372.150000	1.000000	76.237967
	372.300000	1.000000	74.467664
	372.450000	1.000000	77.081859
	372.600000	1.000000	77.959392
	372.750000	1.000000	76.790524
	372.900000	1.000000	74.652912
	373.050000	1.000000	76.782768
	373.200000	1.000000	78.559281
	373.350000	1.000000	80.122862
	373.500000	1.000000	73.863739
	373.650000	1.000000	75.857756
	373.800000	1.000000	74.988427
	373.950000	1.000000	76.373073
	374.100000	1.000000	79.164696
	374.250000	1.000000	78.212710
	374.400000	1.000000	76.971618
	374.550000	1.000000	82.058395
	374.700000	1.000000	76.380043
	374.850000	1.000000	77.178761
	375.000000	1.000000	79.462876
	375.150000	1.000000	79.757647
	375.300000	1.000000	82.591144
	375.450000	1.000000	77.444923
	375.600000	1.000000	79.519820
	375.750000	1.000000	71.833375
	375.900000	1.000000	75.607249
	376.050000	1.000000	75.717422
	376.200000	1.000000	76.997448
	376.350000	1.000000	77.159509
	376.500000	1.000000	74.690474
	376.650000	1.000000	73.614607
	376.800000	1.000000	79.732394
	376.950000	1.000000	76.338571
	377.100000	1.000000	78.359629
	377.250000	1.000000	78.523847
	377.400000	1.000000	78.189247
	377.550000	1.000000	78.328646
	377.700000	1.000000	80.692113
	377.850000	1.000000	78.298304
	378.000000	1.000000	78.551141
	378.150000	1.000000	78.139534
	378.300000	1.000000	75.543116
	378.450000	1.000000	78.285562
	378.600000	1.000000	81.847988
	378.750000	1.000000	74.088408
	378.900000	1.000000	76.363337
	379.050000	1.000000	77.824923
	379.200000	1.000000	76.597205
	379.350000	1.000000	74.003488
	379.500000	1.000000	79.671963
	379.650000	1.000000	75.295540
	379.800000	1.000000	79.229003
	379.950000	1.000000	79.128277
	380.100000	1.000000	76.711213
	380.250000	1.000000	76.995300
	380.400000	1.000000	80.038718
	380.550000	1.000000	77.203897
	380.700000	1.000000	75.047177
	380.850000	1.000000	76.779396
	381.000000	1.000000	77.974073
	381.150000	1.000000	83.870898
	381.300000	1.000000	79.427809
	381.450000	1.000000	80.303963
	381.600000	1.000000	76.419389
	381.750000	1.000000	75.314894
	381.900000	1.000000	76.935778
	382.050000	1.000000	77.445639
	382.200000	1.000000	75.185681
	382.350000	1.000000	75.707595
	382.500000	1.000000	77.149688
	382.650000	1.000000	77.243798
	382.800000	1.000000	77.693662
	382.950000	1.000000	81.773608
	383.100000	1.000000	78.723252
	383.250000	1.000000	80.329576
	383.400000	1.000000	77.764977
	383.550000	1.000000	76.475635
	383.700000	1.000000	78.686560
	383.850000	1.000000	77.296221
	384.000000	1.000000	77.641570
	384.150000	1.000000	77.707739
	384.300000	1.000000	81.199440
	384.450000	1.000000	72.229047
	384.600000	1.000000	79.033970
	384.750000	1.000000	79.673643
	384.900000	1.000000	80.653674
	385.050000	1.000000	79.696156
	385.200000	1.000000	78.937101
	385.350000	1.000000	74.701201
	385.500000	1.000000	74.583766
	385.650000	1.000000	76.707452
	385.800000	1.000000	79.073823
	385.950000	1.000000	78.263622
	386.100000	1.000000	76.066368
	386.250000	1.000000	77.985597
	386.400000	1.000000	79.791485
	386.550000	1.000000	75.970291
	386.700000	1.000000	79.704164
	386.850000	1.000000	81.233980
	387.000000	1.000000	78.953677
	387.150000	1.000000	77.793024
	387.300000	1.000000	75.699396
	387.450000	1.000000	77.777381
	387.600000	1.000000	75.058750
	387.750000	1.000000	75.266711
	387.900000	1.000000	78.914928
	388.050000	1.000000	79.017273
	388.200000	1.000000	73.615663
	388.350000	1.000000	73.593986
	388.500000	1.000000	78.397004
	388.650000	1.000000	75.633311
	388.800000	1.000000	76.425468
	388.950000	1.000000	82.462982
	389.100000	1.000000	77.181653
	389.250000	1.000000	75.357697
	389.400000	1.000000	78.885184
	389.550000	1.000000	75.401345
	389.700000	1.000000	76.392255
	389.850000	1.000000	79.230761
	390.000000	1.000000	80.930184
	390.150000	1.000000	75.814325
	390.300000	1.000000	83.985955
	390.450000	1.000000	79.394976
	390.600000	1.000000	77.619587
	390.750000	1.000000	77.034544
	390.900000	1.000000	81.390055
	391.050000	1.000000	76.384432
	391.200000	1.000000	77.611755
	391.350000	1.000000	81.681211
	391.500000	1.000000	78.276003
	391.650000	1.000000	79.705972
	391.800000	1.000000	80.784211
	391.950000	1.000000	76.890180
	392.100000	1.000000	79.146855
	392.250000	1.000000	78.283257
	392.400000	1.000000	76.483649
	392.550000	1.000000	76.674104
	392.700000	1.000000	78.865441
	392.850000	1.000000	83.498539
	393.000000	1.000000	80.548987
	393.150000	1.000000	76.862828
	393.300000	1.000000	74.458381
	393.450000	1.000000	77.505179
	393.600000	1.000000	75.951727
	393.750000	1.000000	78.302268
	393.900000	1.000000	76.296903
	394.050000	1.000000	83.070116
	394.200000	1.000000	78.449983
	394.350000	1.000000	76.749907
	394.500000	1.000000	77.434390
	394.650000	1.000000	78.664006
	394.800000	1.000000	79.414276
	394.950000	1.000000	76.805605
	395.100000	1.000000	74.725234
	395.250000	1.000000	76.818579
	395.400000	1.000000	81.565117
	395.550000	1.000000	78.316543
	395.700000	1.000000	76.267386
	395.850000	1.000000	80.231375
	396.000000	1.000000	78.421386
	396.150000	1.000000	80.318228
	396.300000	1.000000	79.360539
	396.450000	1.000000	75.837386
	396.600000	1.000000	77.360876
	396.750000	1.000000	77.328821
	396.900000	1.000000	79.186036
	397.050000	1.000000	79.179383
	397.200000	1.000000	75.906889
	397.350000	1.000000	80.848988
	397.500000	1.000000	74.338472
	397.650000	1.000000	82.901551
	397.800000	1.000000	80.255344
	397.950000	1.000000	77.807190
	398.100000	1.000000	77.208539
	398.250000	1.000000	76.492540
	398.400000	1.000000	79.441426
	398.550000	1.000000	78.151077
	398.700000	1.000000	78.596675
	398.850000	1.000000	76.356047
	399.000000	1.000000	75.484880
	399.150000	1.000000	84.041091
	399.300000	1.000000	78.245963
	399.450000	1.000000	78.351488
	399.600000	1.000000	80.806579
	399.750000	1.000000	73.388479
	399.900000	1.000000	80.959053
	400.050000	1.000000	75.929009
	400.200000	1.000000	75.754000
	400.350000	1.000000	81.240253
	400.500000	1.000000	76.580176
	400.650000	1.000000	76.573118
	400.800000	1.000000	74.778785
	400.950000	1.000000	81.029723
	401.100000	1.000000	81.413479
	401.250000	1.000000	81.220186
	401.400000	1.000000	77.713183
	401.550000	1.000000	76.539517
	401.700000	1.000000	77.445440
	401.850000	1.000000	73.845259
	402.000000	1.000000	78.240249
	402.150000	1.000000	76.149070
	402.300000	1.000000	77.709800
	402.450000	1.000000	77.552533
	402.600000	1.000000	76.958099
	402.750000	1.000000	80.015617
	402.900000	1.000000	77.177995
	403.050000	1.000000	77.008926
	403.200000	1.000000	80.410325
	403.350000	1.000000	78.988224
	403.500000	1.000000	76.968682
	403.650000	1.000000	79.874427
	403.800000	1.000000	75.488159
	403.950000	1.000000	79.693948
	404.100000	1.000000	76.020061
	404.250000	1.000000	75.146637
	404.400000	1.000000	80.808312
	404.550000	1.000000	76.414242
	404.700000	1.000000	78.631141
	404.850000	1.000000	75.501323
	405.000000	1.000000	74.733931
	405.150000	1.000000	76.213419
	405.300000	1.000000	79.045130
	405.450000	1.000000	80.732677
	405.600000	1.000000	77.125123
	405.750000	1.000000	75.023430
	405.900000	1.000000	76.592947
	406.050000	1.000000	75.571234
	406.200000	1.000000	77.136169
	406.350000	1.000000	77.127484
	406.500000	1.000000	78.013466
	406.650000	1.000000	78.629337
	406.800000	1.000000	76.819289
	406.950000	1.000000	79.733624
	407.100000	1.000000	79.500413
	407.250000	1.000000	78.413450
	407.400000	1.000000	77.430121
	407.550000	1.000000	82.345234
	407.700000	1.000000	79.497415
	407.850000	1.000000	79.851818
	408.000000	1.000000	78.048823
	408.150000	1.000000	79.321776
	408.300000	1.000000	79.577319
	408.450000	1.000000	79.375404
	408.600000	1.000000	77.610495
	408.750000	1.000000	78.122570
	408.900000	1.000000	79.708249
	409.050000	1.000000	81.766658
	409.200000	1.000000	76.308368
	409.350000	1.000000	78.604357
	409.500000	1.000000	78.483817
	409.650000	1.000000	77.380409
	409.800000	1.000000	74.963988
	409.950000	1.000000	74.010391
	410.100000	1.000000	80.147950
	410.250000	1.000000	76.019468
	410.400000	1.000000	80.213275
	410.550000	1.000000	80.917108
	410.700000	1.000000	78.737930
	410.850000	1.000000	71.467108
	411.000000	1.000000	78.103454
	411.150000	1.000000	79.985405
	411.300000	1.000000	79.092391
	411.450000	1.000000	77.849750
	411.600000	1.000000	76.329320
	411.750000	1.000000	76.844464
	411.900000	1.000000	78.692683
	412.050000	1.000000	74.232694
	412.200000	1.000000	79.502163
	412.350000	1.000000	82.725157
	412.500000	1.000000	80.624008
	412.650000	1.000000	78.546287
	412.800000	1.000000	77.464096
	412.950000	1.000000	79.113360
	413.100000	1.000000	76.351202
	413.250000	1.000000	77.332448
	413.400000	1.000000	78.031624
	413.550000	1.000000	77.290742
	413.700000	1.000000	80.700418
	413.850000	1.000000	77.335810
	414.000000	1.000000	75.460792
	414.150000	1.000000	79.948045
	414.300000	1.000000	78.527836
	414.450000	1.000000	78.482318
	414.600000	1.000000	75.706298
	414.750000	1.000000	74.670286
	414.900000	1.000000	80.207668
	415.050000	1.000000	77.287800
	415.200000	1.000000	83.926099
	415.350000	1.000000	73.397057
	415.500000	1.000000	74.468757
	415.650000	1.000000	79.205413
	415.800000	1.000000	82.081548
	415.950000	1.000000	77.961383
	416.100000	1.000000	81.346043
	416.250000	1.000000	80.116816
	416.400000	1.000000	79.138653
	416.550000	1.000000	76.332565
	416.700000	1.000000	79.606389
	416.850000	1.000000	77.985228
	417.000000	1.000000	79.569920
	417.150000	1.000000	79.710605
	417.300000	1.000000	74.968338
	417.450000	1.000000	78.036753
	417.600000	1.000000	77.834399
	417.750000	1.000000	78.210112
	417.900000	1.000000	78.601257
	418.050000	1.000000	77.233489
	418.200000	1.000000	77.620652
	418.350000	1.000000	78.193813
	418.500000	1.000000	80.037608
	418.650000	1.000000	77.600936
	418.800000	1.000000	79.498169
	418.950000	1.000000	81.411517
	419.100000	1.000000	82.741106
	419.250000	1.000000	75.702899
	419.400000	1.000000	79.902321
	419.550000	1.000000	80.811467
	419.700000	1.000000	76.208840
	419.850000	1.000000	79.069219
	420.000000	1.000000	76.510758
	420.150000	1.000000	77.757586
	420.300000	1.000000	84.839328
	420.450000	1.000000	80.834542
	420.600000	1.000000	78.453242
	420.750000	1.000000	77.891618
	420.900000	1.000000	79.141123
	421.050000	1.000000	74.261007
	421.200000	1.000000	77.392573
	421.350000	1.000000	78.265953
	421.500000	1.000000	75.758099
	421.650000	1.000000	76.261310
	421.800000	1.000000	78.987486
	421.950000	1.000000	75.018769
	422.100000	1.000000	76.191998
	422.250000	1.000000	80.851522
	422.400000	1.000000	78.962332
	422.550000	1.000000	77.868844
	422.700000	1.000000	78.905461
	422.850000	1.000000	78.630078
	423.000000	1.000000	82.162316
	423.150000	1.000000	80.115544
	423.300000	1.000000	75.824207
	423.450000	1.000000	77.994539
	423.600000	1.000000	72.901400
	423.750000	1.000000	78.704343
	423.900000	1.000000	76.870231
	424.050000	1.000000	79.352087
	424.200000	1.000000	77.586111
	424.350000	1.000000	78.088842
	424.500000	1.000000	74.073309
	424.650000	1.000000	81.399506
	424.800000	1.000000	74.915726
	424.950000	1.000000	76.245416
	425.100000	1.000000	78.009462
	425.250000	1.000000	74.915570
	425.400000	1.000000	78.490795
	425.550000	1.000000	78.295969
	425.700000	1.000000	76.104024
	425.850000	1.000000	76.017226
	426.000000	1.000000	74.606432
	426.150000	1.000000	75.587892
	426.300000	1.000000	73.984396
	426.450000	1.000000	79.428348
	426.600000	1.000000	73.583225
	426.750000	1.000000	76.465948
	426.900000	1.000000	76.508094
	427.050000	1.000000	80.627271
	427.200000	1.000000	81.849872
	427.350000	1.000000	78.233921
	427.500000	1.000000	74.905210
	427.650000	1.000000	79.799436
	427.800000	1.000000	77.835452
	427.950000	1.000000	81.963092
	428.100000	1.000000	79.196490
	428.250000	1.000000	76.856712
	428.400000	1.000000	79.506665
	428.550000	1.000000	79.115017
	428.700000	1.000000	78.073734
	428.850000	1.000000	75.244812
	429.000000	1.000000	78.388743
	429.150000	1.000000	76.853750
	429.300000	1.000000	77.811323
	429.450000	1.000000	77.133875
	429.600000	1.000000	78.464329
	429.750000	1.000000	79.416745
	429.900000	1.000000	81.070322
	430.050000	1.000000	80.636907
	430.200000	1.000000	79.212106
	430.350000	1.000000	76.190853
	430.500000	1.000000	73.834180
	430.650000	1.000000	76.155143
	430.800000	1.000000	79.658315
	430.950000	1.000000	79.495933
	431.100000	1.000000	78.643489
	431.250000	1.000000	77.290350
	431.400000	1.000000	79.673348
	431.550000	1.000000	79.847575
	431.700000	1.000000	78.963351
	431.850000	1.000000	78.894702
	432.000000	1.000000	78.466154
	432.150000	1.000000	76.697698
	432.300000	1.000000	79.289436
	432.450000	1.000000	79.122799
	432.600000	1.000000	76.687901
	432.750000	1.000000	76.988671
	432.900000	1.000000	75.970273
	433.050000	1.000000	81.351062
	433.200000	1.000000	78.293842
	433.350000	1.000000	82.617340
	433.500000	1.000000	80.621753
	433.650000	1.000000	79.772070
	433.800000	1.000000	74.782788
	433.950000	1.000000	78.114256
	434.100000	1.000000	78.696536
	434.250000	1.000000	77.551318
	434.400000	1.000000	76.957974
	434.550000	1.000000	84.035884
	434.700000	1.000000	75.418399
	434.850000	1.000000	75.813965
	435.000000	1.000000	73.473540
	435.150000	1.000000	77.579095
	435.300000	1.000000	76.374634
	435.450000	1.000000	74.614878
	435.600000	1.000000	82.063252
	435.750000	1.000000	74.767124
	435.900000	1.000000	75.884358
	436.050000	1.000000	80.832454
	436.200000	1.000000	80.037373
	436.350000	1.000000	81.267731
	436.500000	1.000000	83.523133
	436.650000	1.000000	79.449470
	436.800000	1.000000	78.551417
	436.950000	1.000000	75.305084
	437.100000	1.000000	78.312449
	437.250000	1.000000	77.994772
	437.400000	1.000000	78.203994
	437.550000	1.000000	77.469332
	437.700000	1.000000	77.518187
	437.850000	1.000000	81.177180
	438.000000	1.000000	74.936437
	438.150000	1.000000	79.755418
	438.300000	1.000000	75.035048
	438.450000	1.000000	77.922909
	438.600000	1.000000	82.098834
	438.750000	1.000000	79.802433
	438.900000	1.000000	79.037235
	439.050000	1.000000	78.745151
	439.200000	1.000000	77.206714
	439.350000	1.000000	77.595146
	439.500000	1.000000	78.507135
	439.650000	1.000000	80.656680
	439.800000	1.000000	80.413114
	439.950000	1.000000	79.860601
	440.100000	1.000000	77.426568
	440.250000	1.000000	80.099657
	440.400000	1.000000	73.733905
	440.550000	1.000000	77.248692
	440.700000	1.000000	77.332360
	440.850000	1.000000	78.658639
	441.000000	1.000000	76.731885
	441.150000	1.000000	81.605459
	441.300000	1.000000	80.698374
	441.450000	1.000000	75.496889
	441.600000	1.000000	76.754309
	441.750000	1.000000	76.148988
	441.900000	1.000000	73.987815
	442.050000	1.000000	79.927337
	442.200000	1.000000	76.951482
	442.350000	1.000000	78.409914
	442.500000	1.000000	77.630274
	442.650000	1.000000	81.909507
	442.800000	1.000000	80.500443
	442.950000	1.000000	76.796518
	443.100000	1.000000	77.434901
	443.250000	1.000000	76.436807
	443.400000	1.000000	80.089435
	443.550000	1.000000	75.250902
	443.700000	1.000000	76.695046
	443.850000	1.000000	77.770571
	444.000000	1.000000	78.359908
	444.150000	1.000000	78.551952
	444.300000	1.000000	75.629281
	444.450000	1.000000	75.954421
	444.600000	1.000000	75.436268
	444.750000	1.000000	78.172842
	444.900000	1.000000	82.628380
	445.050000	1.000000	77.971580
	445.200000	1.000000	77.639335
	445.350000	1.000000	79.780861
	445.500000	1.000000	75.732419
	445.650000	1.000000	76.217600
	445.800000	1.000000	77.083035
	445.950000	1.000000	75.669822
	446.100000	1.000000	76.886136
	446.250000	1.000000	77.411076
	446.400000	1.000000	77.580935
	446.550000	1.000000	78.275566
	446.700000	1.000000	78.936205
	446.850000	1.000000	78.980885
	447.000000	1.000000	78.446531
	447.150000	1.000000	77.163111
	447.300000	1.000000	76.989401
	447.450000	1.000000	81.375275
	447.600000	1.000000	74.905491
	447.750000	1.000000	81.350316
	447.900000	1.000000	74.425928
	448.050000	1.000000	77.258031
	448.200000	1.000000	79.817848
	448.350000	1.000000	76.281227
	448.500000	1.000000	76.274636
	448.650000	1.000000	77.886757
	448.800000	1.000000	79.546164
	448.950000	1.000000	75.545833
	449.100000	1.000000	76.799712
	449.250000	1.000000	80.446533
	449.400000	1.000000	78.709234
	449.550000	1.000000	76.943525
	449.700000	1.000000	76.404946
	449.850000	1.000000	78.605535
