	0.000000	0.000000	0.989805
	5.000000	0.000000	-0.479736
	10.000000	0.000000	-0.127593
	15.000000	0.000000	-0.623122
	20.000000	0.000000	-0.867602
	25.000000	0.000000	0.883541
	30.000000	0.000000	-0.189192
	35.000000	0.000000	-0.313742
	40.000000	0.000000	0.570318
	45.000000	0.000000	1.628623
	50.000000	0.000000	-0.525788
	55.000000	0.000000	-0.409009
	60.000000	1.000000	0.162371
	65.000000	1.000000	1.117940
	70.000000	1.000000	-1.035162
	75.000000	1.000000	-0.477048
	80.000000	1.000000	3.184953
	85.000000	1.000000	6.263580
	90.000000	0.000000	10.544118
	95.000000	0.000000	14.238396
	100.000000	1.000000	20.308036
	105.000000	1.000000	23.913854
	110.000000	1.000000	25.223091
	115.000000	0.000000	27.652722
	120.000000	0.000000	29.603099
	125.000000	0.000000	31.654848
	130.000000	0.000000	33.895915
	135.000000	0.000000	35.533816
	140.000000	1.000000	34.056046
	145.000000	1.000000	34.102582
	150.000000	0.000000	32.845384
	155.000000	0.000000	33.066382
	160.000000	1.000000	33.347088
	165.000000	1.000000	33.650418
	170.000000	1.000000	33.222005
	175.000000	0.000000	31.587282
	180.000000	0.000000	33.373089
	185.000000	0.000000	33.257587
	190.000000	0.000000	36.519353
	195.000000	1.000000	37.151064
	200.000000	1.000000	35.254410
	205.000000	1.000000	34.463526
	210.000000	0.000000	34.004599
	215.000000	0.000000	34.302162
	220.000000	1.000000	34.530291
	225.000000	0.000000	36.017175
	230.000000	1.000000	35.417295
	235.000000	1.000000	36.294768
	240.000000	0.000000	36.465941
	245.000000	0.000000	36.291183
	250.000000	1.000000	36.299323
	255.000000	1.000000	38.345774
	260.000000	1.000000	37.048759
	265.000000	1.000000	38.717044
	270.000000	0.000000	37.021826
	275.000000	1.000000	37.944141
	280.000000	1.000000	40.475345
	285.000000	1.000000	42.563840
	290.000000	1.000000	44.154052
	295.000000	0.000000	44.897624
	300.000000	0.000000	46.438937
	305.000000	0.000000	47.816149
	310.000000	0.000000	50.200029
	315.000000	1.000000	49.955382
	320.000000	1.000000	47.316239
	325.000000	1.000000	45.827878
	330.000000	1.000000	44.951659
	335.000000	1.000000	44.581646
	340.000000	1.000000	44.325275
	345.000000	0.000000	45.819546
	350.000000	1.000000	46.814350
	355.000000	1.000000	49.302754
	360.000000	1.000000	50.588825
	365.000000	1.000000	50.107444
	370.000000	0.000000	51.181919
	375.000000	0.000000	51.714214
	380.000000	1.000000	55.428607
	385.000000	0.000000	54.809339
	390.000000	1.000000	53.542655
	395.000000	1.000000	53.097902
	400.000000	1.000000	52.104651
	405.000000	1.000000	52.443471
	410.000000	0.000000	50.861339
	415.000000	1.000000	51.886973
	420.000000	1.000000	53.179366
	425.000000	1.000000	53.365720
	430.000000	1.000000	52.594367
	435.000000	0.000000	54.566971
	440.000000	1.000000	54.443886
	445.000000	0.000000	56.964982
	450.000000	0.000000	56.962201
	455.000000	1.000000	56.113306
	460.000000	1.000000	55.701748
	465.000000	1.000000	54.665000
	470.000000	0.000000	52.164297
	475.000000	1.000000	51.414934
	480.000000	0.000000	52.625607
	485.000000	0.000000	53.125829
	490.000000	1.000000	53.311049
	495.000000	0.000000	51.244656
	500.000000	1.000000	50.555183
	505.000000	1.000000	48.658024
	510.000000	0.000000	47.647179
	515.000000	0.000000	46.509230
	520.000000	0.000000	45.708899
	525.000000	0.000000	46.097772
	530.000000	0.000000	44.576346
	535.000000	1.000000	43.369555
	540.000000	0.000000	40.987175
	545.000000	1.000000	38.144774
	550.000000	0.000000	35.336547
	555.000000	0.000000	34.942634
	560.000000	1.000000	34.535006
	565.000000	1.000000	34.496573
	570.000000	1.000000	32.546343
	575.000000	1.000000	32.175676
	580.000000	1.000000	31.199037
	585.000000	0.000000	34.401731
	590.000000	1.000000	36.087132
	595.000000	1.000000	38.064447
	600.000000	0.000000	40.574645
	605.000000	0.000000	40.721275
	610.000000	1.000000	43.396162
	615.000000	1.000000	44.397008
	620.000000	1.000000	44.533492
	625.000000	0.000000	43.810965
	630.000000	0.000000	44.869104
	635.000000	0.000000	46.128645
	640.000000	1.000000	45.605967
	645.000000	1.000000	44.347649
	650.000000	1.000000	44.975330
	655.000000	1.000000	42.401466
	660.000000	0.000000	43.752204
	665.000000	0.000000	42.936185
	670.000000	0.000000	43.361851
	675.000000	0.000000	45.620504
	680.000000	0.000000	46.409156
	685.000000	1.000000	44.679104
	690.000000	0.000000	41.991365
	695.000000	1.000000	38.548839
	700.000000	1.000000	37.496513
	705.000000	1.000000	38.188958
	710.000000	1.000000	37.194163
	715.000000	1.000000	36.870326
	720.000000	1.000000	38.391045
	725.000000	1.000000	38.584006
	730.000000	0.000000	39.289355
	735.000000	1.000000	44.440055
	740.000000	0.000000	46.693468
	745.000000	0.000000	48.600212
	750.000000	0.000000	48.895299
	755.000000	1.000000	49.338250
	760.000000	0.000000	47.503783
	765.000000	1.000000	46.208791
	770.000000	1.000000	46.649172
	775.000000	0.000000	43.634815
	780.000000	1.000000	43.879284
	785.000000	1.000000	43.083709
	790.000000	0.000000	42.437588
	795.000000	0.000000	43.721843
	800.000000	0.000000	44.109478
	805.000000	0.000000	46.188276
	810.000000	0.000000	44.151483
	815.000000	1.000000	42.115850
	820.000000	1.000000	40.902326
	825.000000	0.000000	37.336370
	830.000000	0.000000	36.912457
	835.000000	0.000000	37.566210
	840.000000	1.000000	34.522534
	845.000000	1.000000	35.572955
	850.000000	0.000000	32.707285
	855.000000	0.000000	33.974398
	860.000000	0.000000	33.281253
	865.000000	1.000000	34.457956
	870.000000	1.000000	32.340275
	875.000000	0.000000	31.857959
	880.000000	1.000000	31.129513
	885.000000	0.000000	32.532079
	890.000000	1.000000	32.337319
	895.000000	1.000000	33.807011
	900.000000	0.000000	33.205552
	905.000000	1.000000	33.293247
	910.000000	1.000000	35.504661
	915.000000	1.000000	34.871633
	920.000000	0.000000	38.403086
	925.000000	0.000000	38.538462
	930.000000	1.000000	40.751534
	935.000000	0.000000	41.838898
	940.000000	1.000000	41.828207
	945.000000	0.000000	41.206870
	950.000000	0.000000	42.836841
	955.000000	1.000000	41.168859
	960.000000	1.000000	42.257973
	965.000000	1.000000	42.378330
	970.000000	1.000000	38.605710
	975.000000	0.000000	39.754763
	980.000000	0.000000	41.188781
	985.000000	1.000000	43.171497
	990.000000	1.000000	42.943052
	995.000000	0.000000	42.587622
	1000.000000	0.000000	43.355711
	1005.000000	0.000000	43.866165
	1010.000000	1.000000	43.532146
	1015.000000	0.000000	43.432703
	1020.000000	0.000000	43.861463
	1025.000000	0.000000	40.296052
	1030.000000	1.000000	38.685075
	1035.000000	1.000000	38.366592
	1040.000000	1.000000	36.486807
	1045.000000	1.000000	33.618001
	1050.000000	1.000000	35.160792
	1055.000000	1.000000	37.539118
	1060.000000	0.000000	36.359597
	1065.000000	1.000000	39.727753
	1070.000000	0.000000	41.225132
	1075.000000	1.000000	44.732988
	1080.000000	1.000000	45.390660
	1085.000000	0.000000	46.203384
	1090.000000	0.000000	43.489382
	1095.000000	1.000000	47.257885
	1100.000000	1.000000	47.017287
	1105.000000	1.000000	46.176039
	1110.000000	0.000000	45.752724
	1115.000000	1.000000	45.304640
	1120.000000	1.000000	46.159982
	1125.000000	1.000000	47.291119
	1130.000000	1.000000	47.849275
	1135.000000	1.000000	48.488799
	1140.000000	1.000000	50.416006
	1145.000000	1.000000	51.121853
	1150.000000	1.000000	50.690346
	1155.000000	1.000000	54.289502
	1160.000000	1.000000	55.788999
	1165.000000	0.000000	58.742663
	1170.000000	0.000000	59.831979
	1175.000000	1.000000	63.198635
	1180.000000	1.000000	61.869633
	1185.000000	1.000000	61.947338
	1190.000000	1.000000	60.263455
	1195.000000	0.000000	59.023341
	1200.000000	0.000000	59.527887
	1205.000000	0.000000	60.106073
	1210.000000	0.000000	60.619550
	1215.000000	1.000000	60.282889
	1220.000000	0.000000	58.467977
	1225.000000	0.000000	51.813766
	1230.000000	1.000000	51.882608
	1235.000000	1.000000	49.573933
	1240.000000	1.000000	47.338289
	1245.000000	0.000000	44.869627
	1250.000000	0.000000	43.199239
	1255.000000	0.000000	44.336020
	1260.000000	0.000000	44.436099
	1265.000000	0.000000	41.849320
	1270.000000	0.000000	41.426732
	1275.000000	1.000000	41.421599
	1280.000000	0.000000	36.894309
	1285.000000	0.000000	34.703886
	1290.000000	1.000000	32.247170
	1295.000000	1.000000	32.019981
	1300.000000	0.000000	30.796264
	1305.000000	0.000000	28.463285
	1310.000000	1.000000	28.208726
	1315.000000	0.000000	30.978926
	1320.000000	0.000000	29.067038
	1325.000000	0.000000	28.441698
	1330.000000	1.000000	31.068835
	1335.000000	1.000000	30.395189
	1340.000000	0.000000	28.998808
	1345.000000	0.000000	29.269755
	1350.000000	0.000000	29.793953
	1355.000000	0.000000	30.414217
	1360.000000	0.000000	29.482913
	1365.000000	1.000000	27.846447
	1370.000000	1.000000	28.486531
	1375.000000	0.000000	24.533464
	1380.000000	1.000000	25.381718
	1385.000000	0.000000	25.792962
	1390.000000	1.000000	26.508806
	1395.000000	1.000000	27.919464
	1400.000000	0.000000	27.422959
	1405.000000	0.000000	29.165284
	1410.000000	1.000000	30.819234
	1415.000000	1.000000	33.814245
	1420.000000	0.000000	31.413840
	1425.000000	0.000000	33.433953
	1430.000000	1.000000	32.802260
	1435.000000	1.000000	35.047765
	1440.000000	1.000000	34.274617
	1445.000000	1.000000	33.774108
	1450.000000	0.000000	36.326164
	1455.000000	1.000000	39.151193
	1460.000000	0.000000	38.372649
	1465.000000	1.000000	42.840946
	1470.000000	1.000000	41.302193
	1475.000000	0.000000	43.153167
	1480.000000	0.000000	42.410479
	1485.000000	0.000000	44.431041
	1490.000000	1.000000	44.945657
	1495.000000	1.000000	43.622558
	1500.000000	0.000000	43.801277
	1505.000000	1.000000	42.094750
	1510.000000	1.000000	42.164061
	1515.000000	0.000000	42.565454
	1520.000000	1.000000	42.700701
	1525.000000	0.000000	43.046297
	1530.000000	1.000000	41.551911
	1535.000000	1.000000	41.686743
	1540.000000	0.000000	42.737861
	1545.000000	1.000000	44.427872
	1550.000000	1.000000	43.729064
	1555.000000	0.000000	44.508907
	1560.000000	0.000000	45.521439
	1565.000000	0.000000	46.965722
	1570.000000	1.000000	44.983256
	1575.000000	0.000000	44.820766
	1580.000000	1.000000	43.956328
	1585.000000	1.000000	43.308491
	1590.000000	0.000000	41.234141
	1595.000000	0.000000	39.814768
	1600.000000	1.000000	41.134696
	1605.000000	1.000000	42.075480
	1610.000000	0.000000	41.129466
	1615.000000	0.000000	40.282259
	1620.000000	0.000000	40.760266
	1625.000000	1.000000	39.859095
	1630.000000	1.000000	38.860502
	1635.000000	1.000000	38.295987
	1640.000000	0.000000	37.354344
	1645.000000	1.000000	37.040997
	1650.000000	1.000000	40.137584
	1655.000000	1.000000	37.504393
	1660.000000	0.000000	41.415086
	1665.000000	0.000000	40.549716
	1670.000000	0.000000	41.782524
	1675.000000	1.000000	43.697965
	1680.000000	1.000000	43.883971
	1685.000000	1.000000	42.956849
	1690.000000	0.000000	42.077902
	1695.000000	1.000000	42.551530
	1700.000000	0.000000	42.830381
	1705.000000	0.000000	44.351006
	1710.000000	0.000000	42.659659
	1715.000000	0.000000	43.765395
	1720.000000	0.000000	43.703180
	1725.000000	1.000000	40.742160
	1730.000000	0.000000	39.761771
	1735.000000	0.000000	38.407724
	1740.000000	1.000000	35.026135
	1745.000000	0.000000	36.042711
	1750.000000	0.000000	33.025053
	1755.000000	1.000000	32.318179
	1760.000000	1.000000	29.568453
	1765.000000	0.000000	29.307589
	1770.000000	0.000000	30.587505
	1775.000000	1.000000	29.527870
	1780.000000	1.000000	32.449148
	1785.000000	1.000000	31.481970
	1790.000000	0.000000	29.994278
	1795.000000	1.000000	31.128094
	1800.000000	1.000000	34.083491
	1805.000000	0.000000	33.993105
	1810.000000	1.000000	37.179706
	1815.000000	1.000000	36.741096
	1820.000000	1.000000	39.132568
	1825.000000	1.000000	38.835647
	1830.000000	1.000000	41.682741
	1835.000000	0.000000	41.913741
	1840.000000	1.000000	45.456922
	1845.000000	1.000000	46.793418
	1850.000000	0.000000	47.819376
	1855.000000	1.000000	50.469900
	1860.000000	0.000000	51.193650
	1865.000000	1.000000	50.949324
	1870.000000	1.000000	51.010786
	1875.000000	0.000000	51.474667
	1880.000000	0.000000	51.471235
	1885.000000	1.000000	51.701861
	1890.000000	0.000000	51.568201
	1895.000000	0.000000	52.028044
	1900.000000	0.000000	50.191281
	1905.000000	1.000000	48.314768
	1910.000000	1.000000	46.743306
	1915.000000	1.000000	45.365433
	1920.000000	0.000000	42.567321
	1925.000000	0.000000	42.514176
	1930.000000	0.000000	41.524212
	1935.000000	0.000000	43.120179
	1940.000000	1.000000	41.915178
	1945.000000	0.000000	41.812961
	1950.000000	0.000000	39.116794
	1955.000000	0.000000	35.972124
	1960.000000	0.000000	35.232343
	1965.000000	1.000000	35.303940
	1970.000000	0.000000	33.099043
	1975.000000	0.000000	31.794874
	1980.000000	0.000000	29.511773
	1985.000000	1.000000	28.270600
	1990.000000	1.000000	29.420582
	1995.000000	1.000000	27.633024
	2000.000000	0.000000	25.563658
	2005.000000	0.000000	25.639455
	2010.000000	1.000000	26.480968
	2015.000000	0.000000	29.820094
	2020.000000	1.000000	28.871359
	2025.000000	0.000000	30.562974
	2030.000000	0.000000	29.085373
	2035.000000	0.000000	30.221678
	2040.000000	1.000000	31.094999
	2045.000000	1.000000	31.832984
	2050.000000	1.000000	29.483171
	2055.000000	0.000000	29.694401
	2060.000000	0.000000	30.904636
	2065.000000	0.000000	32.763826
	2070.000000	1.000000	33.296917
	2075.000000	1.000000	34.288820
	2080.000000	0.000000	32.694826
	2085.000000	0.000000	32.784654
	2090.000000	0.000000	33.763771
	2095.000000	0.000000	35.265083
	2100.000000	0.000000	33.463589
	2105.000000	0.000000	32.734252
	2110.000000	1.000000	32.567152
	2115.000000	0.000000	31.065719
	2120.000000	1.000000	28.282209
	2125.000000	0.000000	26.012541
	2130.000000	1.000000	25.502005
	2135.000000	0.000000	27.539667
	2140.000000	0.000000	26.735020
	2145.000000	1.000000	26.381975
	2150.000000	1.000000	27.665243
	2155.000000	1.000000	27.460728
	2160.000000	1.000000	28.387403
	2165.000000	0.000000	28.249021
	2170.000000	1.000000	30.663971
	2175.000000	1.000000	32.900193
	2180.000000	1.000000	36.678685
	2185.000000	0.000000	37.062659
	2190.000000	0.000000	38.027271
	2195.000000	0.000000	39.608798
	2200.000000	0.000000	42.401810
	2205.000000	0.000000	42.585720
	2210.000000	1.000000	41.345498
	2215.000000	0.000000	39.520754
	2220.000000	1.000000	38.092281
	2225.000000	0.000000	35.944760
	2230.000000	1.000000	34.986293
	2235.000000	1.000000	36.051879
	2240.000000	1.000000	35.397799
	2245.000000	1.000000	35.014971
	2250.000000	1.000000	35.172679
	2255.000000	1.000000	36.029475
	2260.000000	1.000000	40.084473
	2265.000000	1.000000	41.869529
	2270.000000	0.000000	43.736568
	2275.000000	0.000000	47.676205
	2280.000000	0.000000	47.784319
	2285.000000	0.000000	49.882037
	2290.000000	1.000000	49.959447
	2295.000000	1.000000	48.629548
	2300.000000	0.000000	45.983615
	2305.000000	0.000000	45.570533
	2310.000000	1.000000	46.286491
	2315.000000	1.000000	44.743720
	2320.000000	0.000000	45.516507
	2325.000000	1.000000	42.416879
	2330.000000	0.000000	42.987216
	2335.000000	0.000000	42.692016
	2340.000000	0.000000	41.932667
	2345.000000	1.000000	42.927369
	2350.000000	0.000000	40.754996
	2355.000000	0.000000	42.045204
	2360.000000	1.000000	37.774173
	2365.000000	1.000000	37.465475
	2370.000000	1.000000	36.914624
	2375.000000	1.000000	34.488035
	2380.000000	0.000000	35.691617
	2385.000000	1.000000	35.622537
	2390.000000	0.000000	37.800121
	2395.000000	0.000000	41.232467
	2400.000000	0.000000	38.334324
	2405.000000	0.000000	41.781256
	2410.000000	0.000000	40.903679
	2415.000000	0.000000	40.730425
	2420.000000	1.000000	37.404627
	2425.000000	0.000000	34.447032
	2430.000000	1.000000	31.723764
	2435.000000	0.000000	33.123955
	2440.000000	0.000000	29.539418
	2445.000000	0.000000	30.399512
	2450.000000	0.000000	29.589458
	2455.000000	1.000000	28.941638
	2460.000000	1.000000	29.134352
	2465.000000	1.000000	26.691932
	2470.000000	0.000000	25.190428
	2475.000000	0.000000	28.158636
	2480.000000	0.000000	27.950087
	2485.000000	1.000000	28.911234
	2490.000000	1.000000	29.425347
	2495.000000	1.000000	30.608095
	2500.000000	0.000000	29.192726
	2505.000000	0.000000	29.531469
	2510.000000	0.000000	32.171317
	2515.000000	0.000000	34.695754
	2520.000000	0.000000	34.726591
	2525.000000	0.000000	31.305391
	2530.000000	0.000000	31.638644
	2535.000000	0.000000	30.389190
	2540.000000	0.000000	27.576837
	2545.000000	1.000000	27.316102
	2550.000000	1.000000	24.741360
	2555.000000	0.000000	23.459728
	2560.000000	1.000000	23.015577
	2565.000000	1.000000	22.428971
	2570.000000	1.000000	24.222246
	2575.000000	0.000000	23.441084
	2580.000000	0.000000	24.480484
	2585.000000	0.000000	27.616535
	2590.000000	1.000000	30.596565
	2595.000000	0.000000	31.156845
	2600.000000	0.000000	30.981085
	2605.000000	0.000000	30.684171
	2610.000000	1.000000	30.144781
	2615.000000	0.000000	31.045912
	2620.000000	0.000000	28.568419
	2625.000000	1.000000	28.880249
	2630.000000	1.000000	29.269044
	2635.000000	1.000000	27.994762
	2640.000000	0.000000	27.774716
	2645.000000	0.000000	28.334130
	2650.000000	1.000000	28.777385
	2655.000000	0.000000	31.704445
	2660.000000	0.000000	31.415061
	2665.000000	0.000000	32.600123
	2670.000000	1.000000	32.470407
	2675.000000	0.000000	34.096863
	2680.000000	1.000000	30.760395
	2685.000000	1.000000	30.794578
	2690.000000	0.000000	31.099587
	2695.000000	0.000000	29.691513
	2700.000000	0.000000	31.818454
	2705.000000	0.000000	32.546291
	2710.000000	0.000000	33.788123
	2715.000000	0.000000	31.373861
	2720.000000	0.000000	28.927378
	2725.000000	1.000000	27.884432
	2730.000000	0.000000	27.181630
	2735.000000	0.000000	25.719119
	2740.000000	1.000000	24.431791
	2745.000000	0.000000	24.058651
	2750.000000	1.000000	22.536916
	2755.000000	0.000000	21.965862
	2760.000000	1.000000	24.677212
	2765.000000	0.000000	22.438016
	2770.000000	0.000000	23.557256
	2775.000000	1.000000	23.946100
	2780.000000	0.000000	25.708641
	2785.000000	0.000000	25.363527
	2790.000000	1.000000	25.748342
	2795.000000	0.000000	26.397134
	2800.000000	1.000000	26.458893
	2805.000000	1.000000	28.429039
	2810.000000	0.000000	26.799446
	2815.000000	1.000000	27.312061
	2820.000000	1.000000	29.112893
	2825.000000	1.000000	30.700956
	2830.000000	0.000000	32.174762
	2835.000000	1.000000	32.648014
	2840.000000	0.000000	34.234716
	2845.000000	0.000000	38.212003
	2850.000000	1.000000	38.870851
	2855.000000	0.000000	39.958106
	2860.000000	0.000000	39.469922
	2865.000000	0.000000	39.999665
	2870.000000	0.000000	38.263738
	2875.000000	0.000000	37.189139
	2880.000000	0.000000	36.823596
	2885.000000	0.000000	35.262317
	2890.000000	1.000000	33.049577
	2895.000000	0.000000	30.646449
	2900.000000	1.000000	28.324228
	2905.000000	0.000000	26.511093
	2910.000000	0.000000	27.655547
	2915.000000	1.000000	25.420466
	2920.000000	0.000000	25.789383
	2925.000000	1.000000	24.755047
	2930.000000	1.000000	27.072328
	2935.000000	1.000000	26.727845
	2940.000000	0.000000	27.277388
	2945.000000	1.000000	27.983484
	2950.000000	0.000000	30.706971
	2955.000000	0.000000	31.635061
	2960.000000	1.000000	34.523584
	2965.000000	1.000000	33.427904
	2970.000000	1.000000	33.496177
	2975.000000	0.000000	34.215379
	2980.000000	0.000000	34.635963
	2985.000000	0.000000	38.461752
	2990.000000	0.000000	36.593840
	2995.000000	1.000000	39.372924
	3000.000000	0.000000	37.060568
	3005.000000	1.000000	37.414341
	3010.000000	0.000000	35.559011
	3015.000000	0.000000	35.561309
	3020.000000	1.000000	35.062098
	3025.000000	0.000000	34.600269
	3030.000000	0.000000	32.583009
	3035.000000	1.000000	33.662080
	3040.000000	1.000000	32.704283
	3045.000000	0.000000	31.930979
	3050.000000	1.000000	31.116626
	3055.000000	0.000000	33.005228
	3060.000000	1.000000	32.619401
	3065.000000	1.000000	32.942282
	3070.000000	0.000000	33.434992
	3075.000000	1.000000	33.181661
	3080.000000	0.000000	35.716874
	3085.000000	1.000000	36.925077
	3090.000000	0.000000	37.750749
	3095.000000	0.000000	40.218349
	3100.000000	1.000000	39.377201
	3105.000000	0.000000	39.277103
	3110.000000	0.000000	37.485580
	3115.000000	0.000000	37.285341
	3120.000000	1.000000	37.428681
	3125.000000	1.000000	37.699974
	3130.000000	1.000000	34.899456
	3135.000000	0.000000	32.376091
	3140.000000	1.000000	33.693414
	3145.000000	0.000000	36.849651
	3150.000000	0.000000	37.199728
	3155.000000	1.000000	36.141993
	3160.000000	0.000000	37.199034
	3165.000000	0.000000	38.011576
	3170.000000	1.000000	36.308114
	3175.000000	0.000000	36.814633
	3180.000000	0.000000	35.041870
	3185.000000	0.000000	35.041932
	3190.000000	0.000000	34.098578
	3195.000000	1.000000	34.934717
	3200.000000	1.000000	31.930340
	3205.000000	1.000000	29.457058
	3210.000000	1.000000	30.410882
	3215.000000	0.000000	30.369240
	3220.000000	1.000000	30.218568
	3225.000000	1.000000	33.736570
	3230.000000	1.000000	34.766569
	3235.000000	1.000000	35.591125
	3240.000000	1.000000	38.605370
	3245.000000	0.000000	40.273660
	3250.000000	0.000000	43.672642
	3255.000000	0.000000	46.326921
	3260.000000	1.000000	47.016939
	3265.000000	1.000000	45.665881
	3270.000000	0.000000	45.885726
	3275.000000	1.000000	46.626281
	3280.000000	0.000000	45.322694
	3285.000000	1.000000	45.665541
	3290.000000	0.000000	45.625728
	3295.000000	0.000000	43.051482
	3300.000000	1.000000	45.700885
	3305.000000	1.000000	44.160391
	3310.000000	1.000000	42.358753
	3315.000000	0.000000	43.045512
	3320.000000	1.000000	42.075442
	3325.000000	1.000000	44.401680
	3330.000000	1.000000	44.601577
	3335.000000	1.000000	45.631796
	3340.000000	0.000000	44.854897
	3345.000000	1.000000	46.910165
	3350.000000	1.000000	48.202344
	3355.000000	1.000000	49.399230
	3360.000000	1.000000	49.321967
	3365.000000	1.000000	50.738476
	3370.000000	1.000000	53.343517
	3375.000000	0.000000	53.638112
	3380.000000	0.000000	54.465192
	3385.000000	1.000000	57.595203
	3390.000000	1.000000	57.842106
	3395.000000	0.000000	57.866457
	3400.000000	0.000000	56.782144
	3405.000000	0.000000	55.371903
	3410.000000	0.000000	55.647008
	3415.000000	0.000000	54.558789
	3420.000000	0.000000	51.413960
	3425.000000	0.000000	47.790558
	3430.000000	1.000000	45.523246
	3435.000000	1.000000	40.713171
	3440.000000	0.000000	39.280783
	3445.000000	1.000000	37.404779
	3450.000000	0.000000	35.724615
	3455.000000	1.000000	36.263333
	3460.000000	0.000000	33.952400
	3465.000000	0.000000	36.480543
	3470.000000	0.000000	33.584633
	3475.000000	1.000000	35.124076
	3480.000000	1.000000	34.176759
	3485.000000	0.000000	34.459838
	3490.000000	1.000000	33.466357
	3495.000000	1.000000	32.169919
	3500.000000	0.000000	32.712197
	3505.000000	1.000000	32.926542
	3510.000000	1.000000	36.068751
	3515.000000	1.000000	36.890063
	3520.000000	1.000000	37.742327
	3525.000000	0.000000	39.209177
	3530.000000	1.000000	40.338970
	3535.000000	1.000000	41.660398
	3540.000000	1.000000	46.001384
	3545.000000	0.000000	43.990339
	3550.000000	1.000000	46.115325
	3555.000000	1.000000	48.815889
	3560.000000	0.000000	49.599805
	3565.000000	0.000000	49.424405
	3570.000000	1.000000	49.985424
	3575.000000	0.000000	50.464211
	3580.000000	0.000000	50.133144
	3585.000000	1.000000	50.525171
	3590.000000	0.000000	50.034780
	3595.000000	0.000000	48.093089
	3600.000000	1.000000	46.345313
	3605.000000	0.000000	45.868734
	3610.000000	0.000000	41.980689
	3615.000000	1.000000	41.586264
	3620.000000	1.000000	40.765129
	3625.000000	1.000000	41.372637
	3630.000000	1.000000	39.828268
	3635.000000	1.000000	37.068393
	3640.000000	1.000000	39.456506
	3645.000000	1.000000	40.217652
	3650.000000	0.000000	41.727377
	3655.000000	0.000000	44.823202
	3660.000000	0.000000	47.878899
	3665.000000	1.000000	47.927445
	3670.000000	0.000000	49.379633
	3675.000000	1.000000	46.183216
	3680.000000	0.000000	45.491215
	3685.000000	0.000000	45.803469
	3690.000000	1.000000	45.941539
	3695.000000	0.000000	43.096945
	3700.000000	1.000000	43.501437
	3705.000000	0.000000	41.484497
	3710.000000	1.000000	40.155000
	3715.000000	0.000000	39.096639
	3720.000000	1.000000	38.356320
	3725.000000	0.000000	40.172583
	3730.000000	0.000000	38.705367
	3735.000000	0.000000	39.461828
	3740.000000	1.000000	36.435200
	3745.000000	0.000000	37.450346
	3750.000000	0.000000	36.363981
	3755.000000	0.000000	34.382270
	3760.000000	1.000000	34.535339
	3765.000000	0.000000	31.530991
	3770.000000	1.000000	32.741893
	3775.000000	0.000000	30.251033
	3780.000000	1.000000	28.235234
	3785.000000	1.000000	29.226640
	3790.000000	0.000000	29.014002
	3795.000000	0.000000	30.369595
	3800.000000	0.000000	31.011980
	3805.000000	1.000000	33.747395
	3810.000000	1.000000	31.859588
	3815.000000	1.000000	30.955596
	3820.000000	1.000000	31.715040
	3825.000000	1.000000	31.979560
	3830.000000	0.000000	34.370857
	3835.000000	1.000000	35.880839
	3840.000000	0.000000	38.138042
	3845.000000	0.000000	39.981663
	3850.000000	1.000000	40.788109
	3855.000000	1.000000	40.447510
	3860.000000	1.000000	41.173814
	3865.000000	1.000000	41.585106
	3870.000000	1.000000	43.374896
	3875.000000	0.000000	42.845303
	3880.000000	0.000000	43.707929
	3885.000000	1.000000	45.974355
	3890.000000	0.000000	48.641281
	3895.000000	0.000000	48.264227
	3900.000000	1.000000	47.087649
	3905.000000	1.000000	47.260082
	3910.000000	0.000000	46.823909
	3915.000000	0.000000	46.418718
	3920.000000	1.000000	45.117924
	3925.000000	0.000000	46.112888
	3930.000000	1.000000	42.232031
	3935.000000	0.000000	41.620029
	3940.000000	1.000000	41.599761
	3945.000000	1.000000	41.447274
	3950.000000	0.000000	40.717453
	3955.000000	0.000000	40.159822
	3960.000000	1.000000	40.612560
	3965.000000	0.000000	41.471434
	3970.000000	1.000000	41.224425
	3975.000000	1.000000	41.286025
	3980.000000	1.000000	41.788786
	3985.000000	1.000000	41.634352
	3990.000000	1.000000	40.327134
	3995.000000	0.000000	42.274727
	4000.000000	1.000000	43.647524
	4005.000000	1.000000	45.861226
	4010.000000	1.000000	48.604731
	4015.000000	0.000000	47.212467
	4020.000000	0.000000	48.564783
	4025.000000	1.000000	50.205883
	4030.000000	1.000000	51.753917
	4035.000000	0.000000	50.549745
	4040.000000	1.000000	49.761642
	4045.000000	0.000000	49.330553
	4050.000000	1.000000	49.329958
	4055.000000	1.000000	49.514977
	4060.000000	0.000000	49.695913
	4065.000000	0.000000	49.497701
	4070.000000	0.000000	48.130937
	4075.000000	1.000000	50.493392
	4080.000000	0.000000	47.227349
	4085.000000	0.000000	45.267543
	4090.000000	1.000000	44.405354
	4095.000000	1.000000	43.216697
	4100.000000	0.000000	40.978791
	4105.000000	1.000000	38.027234
	4110.000000	1.000000	40.523280
	4115.000000	1.000000	39.255806
	4120.000000	0.000000	39.217816
	4125.000000	0.000000	40.717515
	4130.000000	1.000000	41.524091
	4135.000000	0.000000	41.928436
	4140.000000	0.000000	42.189783
	4145.000000	0.000000	41.483026
	4150.000000	0.000000	40.942069
	4155.000000	1.000000	41.256886
	4160.000000	1.000000	39.171245
	4165.000000	1.000000	37.668815
	4170.000000	0.000000	33.998324
	4175.000000	0.000000	35.534292
	4180.000000	1.000000	37.528884
	4185.000000	1.000000	36.777590
	4190.000000	1.000000	35.962999
	4195.000000	1.000000	35.320921
	4200.000000	0.000000	36.200113
	4205.000000	0.000000	37.434251
	4210.000000	1.000000	40.180559
	4215.000000	0.000000	42.311507
	4220.000000	1.000000	41.285993
	4225.000000	0.000000	42.255263
	4230.000000	0.000000	42.473370
	4235.000000	1.000000	40.927432
	4240.000000	0.000000	41.921745
	4245.000000	1.000000	41.607949
	4250.000000	1.000000	39.649248
	4255.000000	0.000000	39.476880
	4260.000000	0.000000	39.498496
	4265.000000	1.000000	40.018440
	4270.000000	0.000000	40.495832
	4275.000000	0.000000	39.363517
	4280.000000	1.000000	40.457746
	4285.000000	0.000000	38.397399
	4290.000000	1.000000	38.411079
	4295.000000	1.000000	36.592333
	4300.000000	0.000000	35.961246
	4305.000000	0.000000	34.945360
	4310.000000	1.000000	36.780783
	4315.000000	1.000000	38.132962
	4320.000000	0.000000	35.245896
	4325.000000	1.000000	37.482912
	4330.000000	0.000000	37.712481
	4335.000000	1.000000	36.927517
	4340.000000	1.000000	38.127007
	4345.000000	1.000000	38.146437
	4350.000000	0.000000	38.962265
	4355.000000	0.000000	39.705321
	4360.000000	1.000000	42.214486
	4365.000000	0.000000	43.061534
	4370.000000	0.000000	42.586408
	4375.000000	0.000000	42.373494
	4380.000000	1.000000	41.928167
	4385.000000	1.000000	41.144941
	4390.000000	1.000000	39.605281
	4395.000000	1.000000	37.646359
	4400.000000	0.000000	37.231596
	4405.000000	0.000000	38.958678
	4410.000000	0.000000	40.780001
	4415.000000	1.000000	41.759072
	4420.000000	0.000000	40.372311
	4425.000000	1.000000	40.704199
	4430.000000	0.000000	39.511355
	4435.000000	1.000000	37.362422
	4440.000000	1.000000	39.206501
	4445.000000	0.000000	38.268004
	4450.000000	1.000000	38.433879
	4455.000000	0.000000	38.334870
	4460.000000	1.000000	38.989837
	4465.000000	1.000000	40.683543
	4470.000000	1.000000	40.813837
	4475.000000	1.000000	40.361959
	4480.000000	0.000000	40.557472
	4485.000000	0.000000	41.667602
	4490.000000	0.000000	43.944627
	4495.000000	0.000000	47.198884
	4500.000000	0.000000	45.049235
	4505.000000	0.000000	44.167129
	4510.000000	1.000000	43.128161
	4515.000000	1.000000	40.011121
	4520.000000	1.000000	38.264063
	4525.000000	1.000000	36.092798
	4530.000000	1.000000	35.302617
	4535.000000	0.000000	35.305288
	4540.000000	0.000000	38.476763
	4545.000000	0.000000	40.076491
	4550.000000	1.000000	39.864940
	4555.000000	1.000000	41.641086
	4560.000000	1.000000	39.413272
	4565.000000	1.000000	39.121348
	4570.000000	0.000000	40.094430
	4575.000000	1.000000	41.062006
	4580.000000	0.000000	43.262616
	4585.000000	0.000000	42.815504
	4590.000000	0.000000	43.448537
	4595.000000	1.000000	43.343535
	4600.000000	0.000000	42.584826
	4605.000000	0.000000	41.836044
	4610.000000	1.000000	41.922549
	4615.000000	0.000000	41.091613
	4620.000000	1.000000	38.973000
	4625.000000	1.000000	37.693446
	4630.000000	0.000000	36.553312
	4635.000000	1.000000	36.309248
	4640.000000	0.000000	36.345466
	4645.000000	1.000000	36.111304
	4650.000000	0.000000	37.969030
	4655.000000	1.000000	37.646238
	4660.000000	0.000000	37.469286
	4665.000000	0.000000	37.725747
	4670.000000	0.000000	37.403397
	4675.000000	0.000000	38.678813
	4680.000000	1.000000	38.388044
	4685.000000	0.000000	36.449445
	4690.000000	0.000000	33.170789
	4695.000000	1.000000	35.342942
	4700.000000	0.000000	33.023676
	4705.000000	0.000000	31.420457
	4710.000000	1.000000	30.170390
	4715.000000	0.000000	31.208157
	4720.000000	0.000000	30.596410
	4725.000000	0.000000	29.434213
	4730.000000	1.000000	29.253256
	4735.000000	1.000000	28.644606
	4740.000000	1.000000	27.425720
	4745.000000	1.000000	26.172372
	4750.000000	1.000000	26.797816
	4755.000000	0.000000	28.950806
	4760.000000	0.000000	32.181558
	4765.000000	1.000000	32.240514
	4770.000000	0.000000	36.136972
	4775.000000	1.000000	36.815372
	4780.000000	1.000000	38.516593
	4785.000000	1.000000	38.724690
	4790.000000	0.000000	39.531104
	4795.000000	0.000000	39.496320
	4800.000000	1.000000	41.855897
	4805.000000	1.000000	41.937214
	4810.000000	1.000000	41.145951
	4815.000000	1.000000	42.068332
	4820.000000	1.000000	41.768616
	4825.000000	1.000000	42.174527
	4830.000000	1.000000	46.384824
	4835.000000	0.000000	47.847005
	4840.000000	1.000000	47.612621
	4845.000000	0.000000	50.791282
	4850.000000	1.000000	53.186788
	4855.000000	0.000000	52.824247
	4860.000000	1.000000	54.343317
	4865.000000	0.000000	52.576743
	4870.000000	1.000000	52.363191
	4875.000000	1.000000	53.031849
	4880.000000	1.000000	50.736995
	4885.000000	1.000000	50.372957
	4890.000000	0.000000	49.331925
	4895.000000	0.000000	52.605787
	4900.000000	0.000000	52.969328
	4905.000000	1.000000	54.171237
	4910.000000	0.000000	51.770246
	4915.000000	0.000000	49.850582
	4920.000000	1.000000	49.054600
	4925.000000	1.000000	48.764327
	4930.000000	1.000000	44.430677
	4935.000000	0.000000	44.350101
	4940.000000	1.000000	41.205972
	4945.000000	1.000000	44.229926
	4950.000000	0.000000	42.735170
	4955.000000	0.000000	44.954167
	4960.000000	0.000000	46.271586
	4965.000000	1.000000	45.778581
	4970.000000	1.000000	44.208179
	4975.000000	1.000000	43.810246
	4980.000000	0.000000	43.249257
	4985.000000	0.000000	42.845053
	4990.000000	0.000000	44.193192
	4995.000000	1.000000	41.513373
	5000.000000	0.000000	43.431142
	5005.000000	0.000000	40.374748
	5010.000000	0.000000	40.229647
	5015.000000	0.000000	39.688662
	5020.000000	0.000000	37.523816
	5025.000000	0.000000	36.986673
	5030.000000	1.000000	33.971133
	5035.000000	1.000000	32.748820
	5040.000000	1.000000	29.991891
	5045.000000	1.000000	27.175285
	5050.000000	0.000000	28.063228
	5055.000000	0.000000	29.730652
	5060.000000	0.000000	30.201127
	5065.000000	0.000000	32.323749
	5070.000000	1.000000	33.488823
	5075.000000	1.000000	31.575365
	5080.000000	0.000000	31.334975
	5085.000000	1.000000	32.151660
	5090.000000	1.000000	32.357736
	5095.000000	1.000000	32.544313
	5100.000000	0.000000	32.504338
	5105.000000	1.000000	34.569824
	5110.000000	0.000000	36.621443
	5115.000000	1.000000	38.877033
	5120.000000	0.000000	39.979347
	5125.000000	0.000000	38.543597
	5130.000000	0.000000	39.689704
	5135.000000	0.000000	40.538882
	5140.000000	0.000000	40.263969
	5145.000000	1.000000	39.661282
	5150.000000	1.000000	35.759885
	5155.000000	1.000000	35.137135
	5160.000000	0.000000	34.098282
	5165.000000	0.000000	32.190600
	5170.000000	0.000000	33.910611
	5175.000000	1.000000	36.456006
	5180.000000	0.000000	35.041033
	5185.000000	1.000000	33.303430
	5190.000000	0.000000	32.924196
	5195.000000	0.000000	33.183487
	5200.000000	0.000000	32.342495
	5205.000000	0.000000	32.987432
	5210.000000	1.000000	33.180890
	5215.000000	0.000000	31.575792
	5220.000000	1.000000	29.249462
	5225.000000	0.000000	29.697665
	5230.000000	0.000000	26.936002
	5235.000000	0.000000	28.535049
	5240.000000	1.000000	27.295488
	5245.000000	0.000000	28.260311
	5250.000000	1.000000	26.158907
	5255.000000	1.000000	27.170115
	5260.000000	0.000000	25.705392
	5265.000000	0.000000	27.825277
	5270.000000	1.000000	26.577105
	5275.000000	0.000000	29.219691
	5280.000000	0.000000	28.731399
	5285.000000	0.000000	29.647575
	5290.000000	0.000000	30.722492
	5295.000000	1.000000	30.326140
	5300.000000	1.000000	28.247067
	5305.000000	0.000000	27.499865
	5310.000000	0.000000	26.745798
	5315.000000	0.000000	28.945317
	5320.000000	1.000000	28.857383
	5325.000000	1.000000	29.031380
	5330.000000	1.000000	27.695531
	5335.000000	0.000000	26.869981
	5340.000000	0.000000	27.694244
	5345.000000	1.000000	29.018458
	5350.000000	1.000000	32.806976
	5355.000000	0.000000	31.865158
	5360.000000	0.000000	32.287904
	5365.000000	0.000000	32.673091
	5370.000000	0.000000	35.185011
	5375.000000	1.000000	34.703550
	5380.000000	0.000000	34.065387
	5385.000000	0.000000	32.363685
	5390.000000	1.000000	31.987600
	5395.000000	1.000000	32.432799
	5400.000000	0.000000	31.746410
	5405.000000	0.000000	28.638624
	5410.000000	0.000000	30.418356
	5415.000000	0.000000	31.001390
	5420.000000	0.000000	30.867009
	5425.000000	0.000000	29.830632
	5430.000000	1.000000	28.500256
	5435.000000	1.000000	28.904202
	5440.000000	1.000000	25.402654
	5445.000000	0.000000	23.562087
	5450.000000	1.000000	24.968624
	5455.000000	0.000000	27.419070
	5460.000000	0.000000	29.747835
	5465.000000	0.000000	29.560271
	5470.000000	1.000000	28.684331
	5475.000000	0.000000	29.606402
	5480.000000	1.000000	30.126245
	5485.000000	0.000000	29.842286
	5490.000000	0.000000	29.567414
	5495.000000	1.000000	29.608037
	5500.000000	1.000000	30.602226
	5505.000000	0.000000	31.508422
	5510.000000	0.000000	28.545688
	5515.000000	1.000000	29.099585
	5520.000000	0.000000	32.092209
	5525.000000	1.000000	31.981808
	5530.000000	1.000000	30.780983
	5535.000000	1.000000	32.327118
	5540.000000	1.000000	32.594137
	5545.000000	0.000000	33.527398
	5550.000000	0.000000	34.326342
	5555.000000	1.000000	37.603106
	5560.000000	1.000000	39.773263
	5565.000000	1.000000	39.891213
	5570.000000	0.000000	39.435594
	5575.000000	1.000000	40.852445
	5580.000000	1.000000	41.740522
	5585.000000	0.000000	44.370336
	5590.000000	0.000000	43.470162
	5595.000000	1.000000	45.242413
	5600.000000	1.000000	46.429043
	5605.000000	1.000000	45.746115
	5610.000000	1.000000	46.106613
	5615.000000	0.000000	45.832167
	5620.000000	0.000000	46.590254
	5625.000000	1.000000	46.733565
	5630.000000	1.000000	49.200757
	5635.000000	1.000000	49.232810
	5640.000000	0.000000	46.435816
	5645.000000	0.000000	49.273327
	5650.000000	1.000000	47.865860
	5655.000000	0.000000	49.171484
	5660.000000	0.000000	48.793239
	5665.000000	1.000000	47.794099
	5670.000000	1.000000	47.322228
	5675.000000	0.000000	45.008698
	5680.000000	1.000000	45.406440
	5685.000000	1.000000	43.518373
	5690.000000	0.000000	44.054717
	5695.000000	1.000000	44.608547
	5700.000000	0.000000	43.331910
	5705.000000	1.000000	45.057411
	5710.000000	0.000000	43.434953
	5715.000000	0.000000	44.398933
	5720.000000	1.000000	45.666733
	5725.000000	1.000000	44.804564
	5730.000000	0.000000	44.199056
	5735.000000	0.000000	43.235868
	5740.000000	1.000000	41.427579
	5745.000000	1.000000	41.430076
	5750.000000	1.000000	40.867978
	5755.000000	1.000000	39.627025
	5760.000000	1.000000	40.794118
	5765.000000	1.000000	41.071030
	5770.000000	0.000000	44.078955
	5775.000000	1.000000	43.963610
	5780.000000	1.000000	46.490280
	5785.000000	0.000000	48.875553
	5790.000000	1.000000	49.341410
	5795.000000	0.000000	50.198029
	5800.000000	0.000000	51.176506
	5805.000000	1.000000	50.942320
	5810.000000	0.000000	51.158987
	5815.000000	0.000000	48.995702
	5820.000000	1.000000	49.165986
	5825.000000	0.000000	48.070580
	5830.000000	1.000000	46.676770
	5835.000000	0.000000	44.517240
	5840.000000	0.000000	42.028833
	5845.000000	1.000000	44.247177
	5850.000000	1.000000	39.043334
	5855.000000	1.000000	41.028796
	5860.000000	0.000000	39.929659
	5865.000000	0.000000	38.536749
	5870.000000	0.000000	39.881409
	5875.000000	1.000000	40.136661
	5880.000000	1.000000	40.499333
	5885.000000	0.000000	38.445689
	5890.000000	1.000000	38.673470
	5895.000000	0.000000	38.307219
	5900.000000	0.000000	40.374149
	5905.000000	0.000000	37.954052
	5910.000000	0.000000	39.040827
	5915.000000	1.000000	39.337559
	5920.000000	1.000000	36.761934
	5925.000000	1.000000	35.169780
	5930.000000	1.000000	32.899471
	5935.000000	1.000000	32.514602
	5940.000000	0.000000	35.888869
	5945.000000	1.000000	35.488569
	5950.000000	1.000000	39.253595
	5955.000000	1.000000	41.642225
	5960.000000	1.000000	41.029210
	5965.000000	1.000000	44.081495
	5970.000000	1.000000	43.996378
	5975.000000	1.000000	45.777172
	5980.000000	0.000000	48.454086
	5985.000000	1.000000	51.736813
	5990.000000	1.000000	51.737596
	5995.000000	0.000000	55.916793
	6000.000000	0.000000	56.361510
	6005.000000	1.000000	57.670243
	6010.000000	0.000000	56.242857
	6015.000000	1.000000	56.650491
	6020.000000	0.000000	55.795975
	6025.000000	0.000000	52.769797
	6030.000000	0.000000	52.558568
	6035.000000	1.000000	52.007030
	6040.000000	0.000000	48.664081
	6045.000000	1.000000	46.172200
	6050.000000	0.000000	44.405832
	6055.000000	0.000000	43.513248
	6060.000000	0.000000	41.980791
	6065.000000	1.000000	40.787623
	6070.000000	0.000000	39.672219
	6075.000000	0.000000	37.774624
	6080.000000	1.000000	34.466119
	6085.000000	0.000000	34.167987
	6090.000000	0.000000	33.327712
	6095.000000	1.000000	32.003949
	6100.000000	0.000000	32.955790
	6105.000000	1.000000	31.916299
	6110.000000	0.000000	29.668287
	6115.000000	1.000000	30.099519
	6120.000000	1.000000	28.751709
	6125.000000	1.000000	29.811826
	6130.000000	1.000000	29.947752
	6135.000000	0.000000	31.908624
	6140.000000	0.000000	34.619019
	6145.000000	1.000000	34.636390
	6150.000000	1.000000	38.267581
	6155.000000	0.000000	39.424069
	6160.000000	0.000000	38.327789
	6165.000000	1.000000	40.950256
	6170.000000	1.000000	40.908645
	6175.000000	0.000000	41.016235
	6180.000000	0.000000	40.830859
	6185.000000	0.000000	40.533902
	6190.000000	1.000000	41.758992
	6195.000000	0.000000	39.966435
	6200.000000	1.000000	39.092026
	6205.000000	0.000000	38.142052
	6210.000000	1.000000	38.955423
	6215.000000	1.000000	37.285898
	6220.000000	1.000000	36.775460
	6225.000000	1.000000	35.540404
	6230.000000	0.000000	37.202092
	6235.000000	1.000000	38.886758
	6240.000000	1.000000	40.733663
	6245.000000	1.000000	41.927649
	6250.000000	0.000000	43.159523
	6255.000000	0.000000	45.184558
	6260.000000	1.000000	45.017170
	6265.000000	0.000000	47.093282
	6270.000000	0.000000	46.058380
	6275.000000	1.000000	46.349367
	6280.000000	0.000000	47.172757
	6285.000000	1.000000	44.815050
	6290.000000	1.000000	44.634400
	6295.000000	1.000000	43.253723
	6300.000000	0.000000	43.567467
	6305.000000	1.000000	43.266624
	6310.000000	1.000000	43.831796
	6315.000000	0.000000	43.240901
	6320.000000	1.000000	45.428727
	6325.000000	1.000000	45.461848
	6330.000000	1.000000	44.374981
	6335.000000	0.000000	47.108472
	6340.000000	1.000000	46.519423
	6345.000000	0.000000	47.721230
	6350.000000	1.000000	48.618499
	6355.000000	1.000000	49.766928
	6360.000000	0.000000	49.376528
	6365.000000	0.000000	48.151809
	6370.000000	0.000000	50.003637
	6375.000000	0.000000	50.175249
	6380.000000	1.000000	48.351028
	6385.000000	0.000000	45.517677
	6390.000000	1.000000	45.838375
	6395.000000	1.000000	43.270117
	6400.000000	0.000000	40.671516
	6405.000000	0.000000	41.352180
	6410.000000	0.000000	41.859425
	6415.000000	0.000000	40.071200
	6420.000000	1.000000	40.040723
	6425.000000	0.000000	38.653729
	6430.000000	0.000000	35.786234
	6435.000000	1.000000	36.205136
	6440.000000	0.000000	35.972003
	6445.000000	0.000000	31.794151
	6450.000000	0.000000	30.932805
	6455.000000	0.000000	29.625225
	6460.000000	0.000000	29.287255
	6465.000000	0.000000	29.079584
	6470.000000	1.000000	28.312802
	6475.000000	1.000000	25.719715
	6480.000000	0.000000	24.835077
	6485.000000	1.000000	22.510888
	6490.000000	0.000000	23.702843
	6495.000000	0.000000	23.509255
	6500.000000	0.000000	25.810323
	6505.000000	0.000000	23.866275
	6510.000000	0.000000	25.273988
	6515.000000	1.000000	23.133243
	6520.000000	1.000000	24.787744
	6525.000000	1.000000	23.252077
	6530.000000	1.000000	21.625819
	6535.000000	0.000000	23.378038
	6540.000000	0.000000	24.822780
	6545.000000	1.000000	25.577507
	6550.000000	0.000000	28.736484
	6555.000000	1.000000	30.302487
	6560.000000	1.000000	32.532351
	6565.000000	0.000000	32.531968
	6570.000000	1.000000	31.646708
	6575.000000	0.000000	33.852999
	6580.000000	1.000000	34.894368
	6585.000000	1.000000	36.906616
	6590.000000	1.000000	37.160629
	6595.000000	0.000000	37.891264
	6600.000000	0.000000	38.282547
	6605.000000	0.000000	40.273596
	6610.000000	0.000000	41.620016
	6615.000000	0.000000	41.608112
	6620.000000	0.000000	40.058703
	6625.000000	1.000000	39.949428
	6630.000000	1.000000	36.536216
	6635.000000	0.000000	33.618775
	6640.000000	1.000000	32.563709
	6645.000000	1.000000	34.690660
	6650.000000	0.000000	35.730102
	6655.000000	0.000000	33.468958
	6660.000000	0.000000	36.636832
	6665.000000	0.000000	35.454415
	6670.000000	1.000000	34.884839
	6675.000000	0.000000	34.308362
	6680.000000	1.000000	33.169410
	6685.000000	0.000000	32.237256
	6690.000000	0.000000	32.956676
	6695.000000	0.000000	30.981162
	6700.000000	0.000000	31.720217
	6705.000000	0.000000	31.808281
	6710.000000	1.000000	29.920980
	6715.000000	1.000000	28.746140
	6720.000000	0.000000	26.739783
	6725.000000	0.000000	25.527811
	6730.000000	0.000000	26.704485
	6735.000000	0.000000	27.253982
	6740.000000	1.000000	27.634413
	6745.000000	0.000000	26.007193
	6750.000000	0.000000	23.488582
	6755.000000	0.000000	24.219833
	6760.000000	1.000000	24.787813
	6765.000000	0.000000	23.910375
	6770.000000	0.000000	23.279729
	6775.000000	0.000000	22.422225
	6780.000000	0.000000	22.049936
	6785.000000	1.000000	22.635175
	6790.000000	0.000000	21.575971
	6795.000000	0.000000	19.562436
	6800.000000	1.000000	21.152142
	6805.000000	1.000000	20.264614
	6810.000000	1.000000	19.378596
	6815.000000	1.000000	22.185384
	6820.000000	0.000000	21.553733
	6825.000000	0.000000	23.707489
	6830.000000	0.000000	26.882096
	6835.000000	0.000000	28.888460
	6840.000000	0.000000	30.494342
	6845.000000	0.000000	29.969682
	6850.000000	0.000000	29.665182
	6855.000000	1.000000	28.391264
	6860.000000	1.000000	26.051958
	6865.000000	1.000000	27.142785
	6870.000000	1.000000	24.080610
	6875.000000	0.000000	24.116685
	6880.000000	1.000000	27.254984
	6885.000000	0.000000	29.744669
	6890.000000	0.000000	30.913676
	6895.000000	1.000000	32.644425
	6900.000000	1.000000	34.419654
	6905.000000	0.000000	33.743521
	6910.000000	0.000000	33.843302
	6915.000000	1.000000	34.034040
	6920.000000	0.000000	36.320723
	6925.000000	0.000000	36.526709
	6930.000000	1.000000	35.438881
	6935.000000	1.000000	36.829693
	6940.000000	1.000000	35.300673
	6945.000000	0.000000	34.071308
	6950.000000	0.000000	37.147820
	6955.000000	0.000000	36.685660
	6960.000000	1.000000	38.562950
	6965.000000	0.000000	37.128871
	6970.000000	0.000000	37.189707
	6975.000000	1.000000	35.764193
	6980.000000	0.000000	36.785377
	6985.000000	0.000000	33.716237
	6990.000000	0.000000	34.718956
	6995.000000	1.000000	33.581043
	7000.000000	1.000000	33.591796
	7005.000000	0.000000	32.354516
	7010.000000	1.000000	31.248112
	7015.000000	1.000000	30.945738
	7020.000000	0.000000	31.090643
	7025.000000	0.000000	31.531458
	7030.000000	1.000000	33.031435
	7035.000000	1.000000	33.872826
	7040.000000	1.000000	35.174537
	7045.000000	0.000000	34.514815
	7050.000000	1.000000	33.692589
	7055.000000	0.000000	37.236994
	7060.000000	1.000000	37.698272
	7065.000000	1.000000	40.355211
	7070.000000	1.000000	39.785608
	7075.000000	1.000000	39.496144
	7080.000000	1.000000	41.120291
	7085.000000	0.000000	43.822182
	7090.000000	1.000000	44.600310
	7095.000000	0.000000	45.901750
	7100.000000	0.000000	50.401989
	7105.000000	0.000000	49.589773
	7110.000000	0.000000	49.990871
	7115.000000	1.000000	48.870613
	7120.000000	1.000000	47.876027
	7125.000000	1.000000	45.997817
	7130.000000	0.000000	42.632191
	7135.000000	1.000000	42.059423
	7140.000000	0.000000	41.467402
	7145.000000	1.000000	43.776315
	7150.000000	1.000000	43.307743
	7155.000000	1.000000	43.897627
	7160.000000	0.000000	43.178333
	7165.000000	1.000000	43.573144
	7170.000000	0.000000	46.303614
	7175.000000	1.000000	47.225997
	7180.000000	0.000000	45.984933
	7185.000000	0.000000	46.981986
	7190.000000	1.000000	46.974208
	7195.000000	0.000000	44.578624
	7200.000000	0.000000	46.302832
	7205.000000	1.000000	43.467025
	7210.000000	1.000000	42.764886
	7215.000000	1.000000	42.449778
	7220.000000	1.000000	40.927469
	7225.000000	0.000000	40.638397
	7230.000000	1.000000	40.202292
	7235.000000	1.000000	43.198432
	7240.000000	0.000000	44.191204
	7245.000000	0.000000	43.374779
	7250.000000	0.000000	44.919894
	7255.000000	0.000000	46.350754
	7260.000000	0.000000	45.430579
	7265.000000	0.000000	43.712728
	7270.000000	0.000000	41.425092
	7275.000000	0.000000	39.268391
	7280.000000	0.000000	39.223137
	7285.000000	0.000000	34.487521
	7290.000000	1.000000	31.539784
	7295.000000	0.000000	28.056452
	7300.000000	1.000000	27.775463
	7305.000000	1.000000	23.786066
	7310.000000	1.000000	22.125052
	7315.000000	1.000000	24.060996
	7320.000000	0.000000	24.368667
	7325.000000	1.000000	28.919479
	7330.000000	1.000000	29.498580
	7335.000000	0.000000	30.879281
	7340.000000	1.000000	33.213224
	7345.000000	0.000000	34.012360
	7350.000000	1.000000	36.740044
	7355.000000	0.000000	36.978578
	7360.000000	0.000000	39.582304
	7365.000000	0.000000	39.685539
	7370.000000	1.000000	40.001803
	7375.000000	0.000000	40.012799
	7380.000000	0.000000	39.277522
	7385.000000	1.000000	37.724254
	7390.000000	1.000000	37.760833
	7395.000000	0.000000	35.535201
	7400.000000	1.000000	34.059250
	7405.000000	0.000000	35.545937
	7410.000000	1.000000	35.825970
	7415.000000	0.000000	35.559475
	7420.000000	0.000000	36.450879
	7425.000000	1.000000	36.726308
	7430.000000	0.000000	37.286390
	7435.000000	1.000000	35.077951
	7440.000000	0.000000	37.480617
	7445.000000	1.000000	35.096554
	7450.000000	1.000000	35.391092
	7455.000000	1.000000	35.145450
	7460.000000	0.000000	36.187493
	7465.000000	0.000000	36.240452
	7470.000000	0.000000	37.876055
	7475.000000	1.000000	38.829094
	7480.000000	1.000000	39.781062
	7485.000000	0.000000	37.911472
	7490.000000	1.000000	38.214168
	7495.000000	1.000000	38.197756
	7500.000000	0.000000	37.396604
	7505.000000	0.000000	38.909896
	7510.000000	0.000000	40.263226
	7515.000000	1.000000	40.863162
	7520.000000	1.000000	41.238415
	7525.000000	0.000000	38.562033
	7530.000000	1.000000	37.933801
	7535.000000	0.000000	38.896855
	7540.000000	0.000000	38.889770
	7545.000000	1.000000	39.835737
	7550.000000	0.000000	37.966856
	7555.000000	1.000000	38.762348
	7560.000000	1.000000	38.252696
	7565.000000	1.000000	36.934425
	7570.000000	1.000000	36.857249
	7575.000000	0.000000	37.745473
	7580.000000	0.000000	40.726113
	7585.000000	0.000000	43.000617
	7590.000000	1.000000	41.746245
	7595.000000	1.000000	41.238501
	7600.000000	0.000000	41.178758
	7605.000000	1.000000	40.634978
	7610.000000	1.000000	40.892927
	7615.000000	1.000000	41.153906
	7620.000000	0.000000	41.130573
	7625.000000	0.000000	42.519855
	7630.000000	1.000000	44.930654
	7635.000000	1.000000	44.202308
	7640.000000	0.000000	43.524318
	7645.000000	0.000000	43.550266
	7650.000000	0.000000	43.968539
	7655.000000	1.000000	43.657071
	7660.000000	1.000000	43.858333
	7665.000000	0.000000	41.689915
	7670.000000	0.000000	40.652153
	7675.000000	1.000000	39.737065
	7680.000000	1.000000	40.967846
	7685.000000	1.000000	40.210203
	7690.000000	0.000000	39.693085
	7695.000000	1.000000	38.815874
	7700.000000	0.000000	40.542124
	7705.000000	0.000000	40.895788
	7710.000000	1.000000	42.630017
	7715.000000	1.000000	41.728710
	7720.000000	1.000000	40.906703
	7725.000000	1.000000	40.923710
	7730.000000	0.000000	42.404585
	7735.000000	0.000000	42.119736
	7740.000000	0.000000	41.681955
	7745.000000	1.000000	43.798041
	7750.000000	0.000000	44.511917
	7755.000000	0.000000	43.180818
	7760.000000	0.000000	42.290225
	7765.000000	1.000000	42.861895
	7770.000000	1.000000	41.025621
	7775.000000	0.000000	39.276021
	7780.000000	1.000000	36.895830
	7785.000000	1.000000	36.296597
	7790.000000	1.000000	36.570803
	7795.000000	0.000000	36.490798
	7800.000000	1.000000	39.248025
	7805.000000	1.000000	38.944597
	7810.000000	1.000000	41.238224
	7815.000000	0.000000	41.484158
	7820.000000	0.000000	42.614807
	7825.000000	0.000000	45.050604
	7830.000000	0.000000	45.472373
	7835.000000	1.000000	46.422286
	7840.000000	1.000000	42.520704
	7845.000000	0.000000	41.024174
	7850.000000	1.000000	40.299034
	7855.000000	0.000000	41.246032
	7860.000000	1.000000	40.028062
	7865.000000	0.000000	41.324127
	7870.000000	1.000000	40.021324
	7875.000000	0.000000	40.496798
	7880.000000	1.000000	40.449693
	7885.000000	1.000000	40.307916
	7890.000000	0.000000	39.426039
	7895.000000	1.000000	39.707501
	7900.000000	0.000000	40.800320
	7905.000000	0.000000	41.301844
	7910.000000	0.000000	40.713671
	7915.000000	1.000000	40.716725
	7920.000000	1.000000	41.271072
	7925.000000	0.000000	38.487764
	7930.000000	0.000000	38.509049
	7935.000000	1.000000	37.272253
	7940.000000	1.000000	40.083444
	7945.000000	1.000000	38.671430
	7950.000000	1.000000	36.603759
	7955.000000	1.000000	37.435248
	7960.000000	0.000000	38.428969
	7965.000000	0.000000	40.965293
	7970.000000	1.000000	43.698537
	7975.000000	1.000000	42.726542
	7980.000000	0.000000	44.459005
	7985.000000	1.000000	44.409127
	7990.000000	1.000000	44.812436
	7995.000000	0.000000	44.018842
	8000.000000	0.000000	46.526335
	8005.000000	0.000000	45.266836
	8010.000000	0.000000	45.627351
	8015.000000	0.000000	46.086026
	8020.000000	0.000000	43.692216
	8025.000000	1.000000	41.016690
	8030.000000	0.000000	40.384750
	8035.000000	0.000000	37.367727
	8040.000000	0.000000	34.458511
	8045.000000	1.000000	33.694623
	8050.000000	0.000000	32.258917
	8055.000000	0.000000	32.035012
	8060.000000	1.000000	29.472233
	8065.000000	0.000000	29.061199
	8070.000000	1.000000	28.357551
	8075.000000	0.000000	26.588316
	8080.000000	0.000000	27.492185
	8085.000000	1.000000	27.099724
	8090.000000	0.000000	27.765692
	8095.000000	1.000000	27.339728
	8100.000000	0.000000	28.312558
	8105.000000	0.000000	26.899919
	8110.000000	0.000000	29.236981
	8115.000000	1.000000	26.185394
	8120.000000	0.000000	28.880504
	8125.000000	0.000000	26.244316
	8130.000000	0.000000	26.944058
	8135.000000	0.000000	27.043853
	8140.000000	0.000000	28.318974
	8145.000000	1.000000	26.016075
	8150.000000	0.000000	24.020999
	8155.000000	1.000000	22.268790
	8160.000000	1.000000	21.330075
	8165.000000	1.000000	21.543570
	8170.000000	0.000000	22.020135
	8175.000000	1.000000	24.337268
	8180.000000	1.000000	27.028880
	8185.000000	1.000000	28.889555
	8190.000000	0.000000	28.012711
	8195.000000	1.000000	32.862945
	8200.000000	1.000000	34.173624
	8205.000000	0.000000	35.408253
	8210.000000	1.000000	38.572520
	8215.000000	1.000000	39.325271
	8220.000000	0.000000	41.020715
	8225.000000	0.000000	39.333517
	8230.000000	1.000000	44.091824
	8235.000000	0.000000	46.397540
	8240.000000	1.000000	46.074344
	8245.000000	1.000000	43.630076
	8250.000000	1.000000	43.763890
	8255.000000	0.000000	43.680460
	8260.000000	1.000000	42.905020
	8265.000000	0.000000	45.310605
	8270.000000	1.000000	45.626036
	8275.000000	1.000000	46.815971
	8280.000000	1.000000	47.384616
	8285.000000	1.000000	45.204196
	8290.000000	0.000000	45.439065
	8295.000000	0.000000	47.489425
	8300.000000	1.000000	49.924087
	8305.000000	0.000000	50.497995
	8310.000000	0.000000	50.538619
	8315.000000	0.000000	48.108574
	8320.000000	1.000000	48.332028
	8325.000000	1.000000	46.056551
	8330.000000	0.000000	44.891120
	8335.000000	1.000000	44.625142
	8340.000000	0.000000	41.794432
	8345.000000	0.000000	42.627184
	8350.000000	0.000000	42.516206
	8355.000000	1.000000	40.911218
	8360.000000	1.000000	41.615125
	8365.000000	1.000000	39.425616
	8370.000000	1.000000	37.656913
	8375.000000	1.000000	37.448273
	8380.000000	1.000000	37.780675
	8385.000000	1.000000	39.875673
	8390.000000	1.000000	41.451781
	8395.000000	0.000000	43.818027
	8400.000000	1.000000	45.927502
	8405.000000	1.000000	48.301286
	8410.000000	0.000000	50.465940
	8415.000000	1.000000	51.930388
	8420.000000	1.000000	52.145783
	8425.000000	0.000000	52.401565
	8430.000000	1.000000	51.834023
	8435.000000	0.000000	53.917284
	8440.000000	0.000000	53.214671
	8445.000000	1.000000	53.801922
	8450.000000	1.000000	52.634154
	8455.000000	1.000000	51.680827
	8460.000000	1.000000	50.217841
	8465.000000	0.000000	48.529342
	8470.000000	1.000000	49.900748
	8475.000000	0.000000	50.009758
	8480.000000	1.000000	50.428764
	8485.000000	0.000000	49.952843
	8490.000000	0.000000	50.366678
	8495.000000	0.000000	50.793366
	8500.000000	0.000000	49.641164
	8505.000000	1.000000	48.395208
	8510.000000	1.000000	44.822043
	8515.000000	1.000000	43.203367
	8520.000000	1.000000	41.821490
	8525.000000	0.000000	40.922303
	8530.000000	0.000000	41.213492
	8535.000000	1.000000	42.867307
	8540.000000	1.000000	44.655861
	8545.000000	1.000000	43.157004
	8550.000000	1.000000	42.051783
	8555.000000	0.000000	42.178150
	8560.000000	1.000000	43.541683
	8565.000000	0.000000	44.977682
	8570.000000	0.000000	45.503502
	8575.000000	1.000000	46.421001
	8580.000000	0.000000	47.237197
	8585.000000	0.000000	46.206274
	8590.000000	0.000000	45.261606
	8595.000000	1.000000	43.790712
	8600.000000	0.000000	43.134435
	8605.000000	0.000000	41.071650
	8610.000000	0.000000	40.544088
	8615.000000	1.000000	38.665285
	8620.000000	0.000000	36.213647
	8625.000000	0.000000	33.191842
	8630.000000	0.000000	33.932738
	8635.000000	1.000000	35.091770
	8640.000000	1.000000	31.552198
	8645.000000	0.000000	30.772371
	8650.000000	0.000000	28.633929
	8655.000000	1.000000	28.105835
	8660.000000	1.000000	29.331045
	8665.000000	0.000000	30.443375
	8670.000000	1.000000	27.924594
	8675.000000	1.000000	30.646609
	8680.000000	0.000000	30.384018
	8685.000000	0.000000	32.653189
	8690.000000	1.000000	33.868563
	8695.000000	0.000000	35.730483
	8700.000000	0.000000	35.333744
	8705.000000	0.000000	37.011297
	8710.000000	1.000000	36.055968
	8715.000000	0.000000	35.076510
	8720.000000	1.000000	33.872560
	8725.000000	0.000000	33.362215
	8730.000000	0.000000	32.376432
	8735.000000	0.000000	31.303639
	8740.000000	0.000000	31.883614
	8745.000000	0.000000	31.128737
	8750.000000	0.000000	31.746697
	8755.000000	1.000000	29.531152
	8760.000000	0.000000	28.142906
	8765.000000	0.000000	24.013085
	8770.000000	0.000000	24.871032
	8775.000000	0.000000	24.666234
	8780.000000	0.000000	24.622655
	8785.000000	0.000000	21.952955
	8790.000000	1.000000	21.946688
	8795.000000	0.000000	20.439534
	8800.000000	1.000000	17.327442
	8805.000000	1.000000	17.525463
	8810.000000	0.000000	17.053440
	8815.000000	0.000000	18.741773
	8820.000000	0.000000	19.741212
	8825.000000	1.000000	21.777083
	8830.000000	1.000000	21.970984
	8835.000000	0.000000	21.560872
	8840.000000	0.000000	23.381843
	8845.000000	1.000000	23.794030
	8850.000000	0.000000	25.117209
	8855.000000	1.000000	25.957135
	8860.000000	0.000000	28.224020
	8865.000000	1.000000	27.227228
	8870.000000	0.000000	28.284894
	8875.000000	0.000000	29.795609
	8880.000000	0.000000	29.615090
	8885.000000	1.000000	30.696554
	8890.000000	0.000000	30.417255
	8895.000000	1.000000	31.220900
	8900.000000	0.000000	28.567425
	8905.000000	1.000000	29.116459
	8910.000000	0.000000	28.582611
	8915.000000	1.000000	29.316161
	8920.000000	0.000000	29.845904
	8925.000000	0.000000	31.748617
	8930.000000	1.000000	30.948170
	8935.000000	1.000000	32.231252
	8940.000000	0.000000	31.764495
	8945.000000	0.000000	30.526166
	8950.000000	0.000000	33.297686
	8955.000000	1.000000	32.533790
	8960.000000	1.000000	34.165214
	8965.000000	1.000000	32.012038
	8970.000000	1.000000	31.333165
	8975.000000	1.000000	33.553377
	8980.000000	1.000000	34.419143
	8985.000000	1.000000	36.662697
	8990.000000	0.000000	39.715256
	8995.000000	0.000000	40.891648
	9000.000000	1.000000	44.335985
	9005.000000	1.000000	45.655246
	9010.000000	0.000000	45.746364
	9015.000000	1.000000	45.297896
	9020.000000	0.000000	47.501334
	9025.000000	0.000000	47.376120
	9030.000000	0.000000	47.087446
	9035.000000	0.000000	48.022731
	9040.000000	0.000000	47.456984
	9045.000000	0.000000	43.640234
	9050.000000	1.000000	41.715139
	9055.000000	1.000000	39.596229
	9060.000000	1.000000	36.805936
	9065.000000	0.000000	32.586024
	9070.000000	0.000000	33.737919
	9075.000000	0.000000	35.287391
	9080.000000	0.000000	35.256129
	9085.000000	0.000000	35.164603
	9090.000000	1.000000	33.976176
	9095.000000	0.000000	33.295457
	9100.000000	0.000000	30.085291
	9105.000000	0.000000	30.707949
	9110.000000	1.000000	30.190002
	9115.000000	1.000000	28.906145
	9120.000000	1.000000	27.271610
	9125.000000	1.000000	26.406386
	9130.000000	0.000000	26.328330
	9135.000000	1.000000	28.648758
	9140.000000	0.000000	31.907209
	9145.000000	1.000000	30.918844
	9150.000000	0.000000	33.162687
	9155.000000	1.000000	33.635274
	9160.000000	0.000000	34.392130
	9165.000000	0.000000	35.686532
	9170.000000	1.000000	36.525267
	9175.000000	1.000000	36.760747
	9180.000000	1.000000	37.214158
	9185.000000	0.000000	35.362977
	9190.000000	0.000000	37.555235
	9195.000000	1.000000	38.871149
	9200.000000	1.000000	39.400040
	9205.000000	1.000000	38.656532
	9210.000000	0.000000	38.761227
	9215.000000	1.000000	40.676525
	9220.000000	0.000000	41.428088
	9225.000000	1.000000	43.316383
	9230.000000	0.000000	42.596780
	9235.000000	1.000000	43.502263
	9240.000000	1.000000	43.470007
	9245.000000	1.000000	42.459785
	9250.000000	0.000000	44.506075
	9255.000000	1.000000	43.275927
	9260.000000	1.000000	45.422309
	9265.000000	0.000000	46.583629
	9270.000000	1.000000	47.056445
	9275.000000	0.000000	48.021121
	9280.000000	1.000000	48.890912
	9285.000000	0.000000	48.099366
	9290.000000	1.000000	48.418951
	9295.000000	0.000000	46.516313
	9300.000000	1.000000	48.260730
	9305.000000	0.000000	47.265377
	9310.000000	0.000000	46.974318
	9315.000000	1.000000	45.891233
	9320.000000	0.000000	46.767971
	9325.000000	0.000000	46.708335
	9330.000000	0.000000	42.943968
	9335.000000	0.000000	43.118920
	9340.000000	1.000000	40.556904
	9345.000000	1.000000	39.238634
	9350.000000	0.000000	37.775423
	9355.000000	1.000000	34.001661
	9360.000000	0.000000	34.413167
	9365.000000	1.000000	33.839083
	9370.000000	1.000000	34.952726
	9375.000000	1.000000	34.147701
	9380.000000	0.000000	33.586286
	9385.000000	1.000000	36.844999
	9390.000000	1.000000	37.537547
	9395.000000	0.000000	39.480366
	9400.000000	0.000000	39.845049
	9405.000000	0.000000	41.840406
	9410.000000	1.000000	41.209230
	9415.000000	0.000000	42.636459
	9420.000000	1.000000	41.905496
	9425.000000	0.000000	39.701357
	9430.000000	0.000000	39.886956
	9435.000000	0.000000	39.346219
	9440.000000	1.000000	40.545191
	9445.000000	1.000000	38.787340
	9450.000000	0.000000	36.134832
	9455.000000	1.000000	35.470732
	9460.000000	0.000000	35.212717
	9465.000000	0.000000	35.810491
	9470.000000	1.000000	36.100242
	9475.000000	1.000000	36.743013
	9480.000000	1.000000	35.672086
	9485.000000	1.000000	35.642411
	9490.000000	1.000000	36.151987
	9495.000000	1.000000	37.062622
	9500.000000	0.000000	39.639817
	9505.000000	1.000000	39.466025
	9510.000000	0.000000	43.514702
	9515.000000	0.000000	46.610174
	9520.000000	1.000000	46.771557
	9525.000000	0.000000	45.275008
	9530.000000	0.000000	46.831527
	9535.000000	1.000000	46.060580
	9540.000000	1.000000	46.049817
	9545.000000	0.000000	42.290778
	9550.000000	0.000000	42.261224
	9555.000000	0.000000	43.248033
	9560.000000	1.000000	41.950313
	9565.000000	1.000000	40.753174
	9570.000000	0.000000	40.690327
	9575.000000	1.000000	38.759272
	9580.000000	1.000000	39.153910
	9585.000000	1.000000	39.215701
	9590.000000	1.000000	38.726212
	9595.000000	0.000000	39.750922
	9600.000000	1.000000	41.183503
	9605.000000	1.000000	42.782391
	9610.000000	0.000000	43.665765
	9615.000000	0.000000	45.454114
	9620.000000	1.000000	47.070419
	9625.000000	1.000000	47.263838
	9630.000000	0.000000	48.501327
	9635.000000	0.000000	45.904965
	9640.000000	0.000000	46.164087
	9645.000000	0.000000	46.329238
	9650.000000	1.000000	43.985057
	9655.000000	1.000000	44.818911
	9660.000000	0.000000	39.736603
	9665.000000	1.000000	40.000571
	9670.000000	1.000000	39.060040
	9675.000000	0.000000	39.758021
	9680.000000	0.000000	38.243859
	9685.000000	1.000000	39.749398
	9690.000000	0.000000	39.405436
	9695.000000	1.000000	39.341114
	9700.000000	0.000000	39.653664
	9705.000000	1.000000	39.454088
	9710.000000	0.000000	38.666176
	9715.000000	1.000000	39.355502
	9720.000000	0.000000	40.921940
	9725.000000	1.000000	38.054994
	9730.000000	0.000000	39.812582
	9735.000000	1.000000	38.141815
	9740.000000	0.000000	37.654369
	9745.000000	0.000000	37.576706
	9750.000000	0.000000	39.469680
	9755.000000	0.000000	37.722576
	9760.000000	0.000000	37.569081
	9765.000000	0.000000	36.137655
	9770.000000	0.000000	35.163199
	9775.000000	1.000000	32.602594
	9780.000000	0.000000	29.126965
	9785.000000	0.000000	27.439875
	9790.000000	0.000000	27.644288
	9795.000000	0.000000	27.812948
	9800.000000	1.000000	22.827187
	9805.000000	0.000000	23.911948
	9810.000000	1.000000	22.424473
	9815.000000	0.000000	21.961552
	9820.000000	1.000000	20.227313
	9825.000000	1.000000	20.739282
	9830.000000	1.000000	19.770270
	9835.000000	0.000000	24.087035
	9840.000000	1.000000	24.563353
	9845.000000	1.000000	28.848026
	9850.000000	1.000000	28.124243
	9855.000000	1.000000	30.103923
	9860.000000	0.000000	33.358505
	9865.000000	1.000000	36.070714
	9870.000000	0.000000	38.601122
	9875.000000	1.000000	38.872551
	9880.000000	1.000000	41.291263
	9885.000000	1.000000	44.455543
	9890.000000	1.000000	43.023650
	9895.000000	0.000000	45.533964
	9900.000000	1.000000	47.265852
	9905.000000	1.000000	47.446452
	9910.000000	0.000000	49.441056
	9915.000000	0.000000	49.980608
	9920.000000	0.000000	51.348015
	9925.000000	1.000000	50.485407
	9930.000000	0.000000	49.987763
	9935.000000	0.000000	49.284113
	9940.000000	0.000000	49.011060
	9945.000000	0.000000	47.201417
	9950.000000	0.000000	45.152522
	9955.000000	1.000000	41.582221
	9960.000000	1.000000	39.680731
	9965.000000	1.000000	35.244624
	9970.000000	1.000000	34.326216
	9975.000000	1.000000	33.867859
	9980.000000	0.000000	34.100533
	9985.000000	1.000000	34.898459
	9990.000000	0.000000	37.583876
	9995.000000	1.000000	39.662335
	10000.000000	1.000000	39.159519
	10005.000000	1.000000	42.875905
	10010.000000	1.000000	43.735993
	10015.000000	1.000000	42.377484
	10020.000000	1.000000	44.489260
	10025.000000	1.000000	46.125435
	10030.000000	0.000000	50.133085
	10035.000000	0.000000	51.550758
	10040.000000	0.000000	52.645445
	10045.000000	0.000000	54.230191
	10050.000000	0.000000	54.329091
	10055.000000	1.000000	54.121461
	10060.000000	0.000000	51.944662
	10065.000000	0.000000	46.448288
	10070.000000	1.000000	45.300393
	10075.000000	1.000000	44.851648
	10080.000000	1.000000	41.812738
	10085.000000	1.000000	40.745270
	10090.000000	1.000000	39.757161
	10095.000000	0.000000	40.674879
	10100.000000	0.000000	42.091780
	10105.000000	0.000000	43.777514
	10110.000000	0.000000	44.767549
	10115.000000	0.000000	45.876351
	10120.000000	1.000000	42.800872
	10125.000000	1.000000	41.633818
	10130.000000	0.000000	39.696213
	10135.000000	1.000000	37.754897
	10140.000000	1.000000	37.306663
	10145.000000	1.000000	36.634474
	10150.000000	1.000000	37.775243
	10155.000000	0.000000	36.665712
	10160.000000	0.000000	38.556528
	10165.000000	1.000000	41.993148
	10170.000000	0.000000	43.471378
	10175.000000	0.000000	43.284626
	10180.000000	1.000000	43.452798
	10185.000000	1.000000	43.791887
	10190.000000	1.000000	41.399112
	10195.000000	0.000000	40.927443
	10200.000000	1.000000	41.525435
	10205.000000	0.000000	41.863095
	10210.000000	1.000000	43.309379
	10215.000000	0.000000	43.572667
	10220.000000	0.000000	42.184838
	10225.000000	1.000000	42.007867
	10230.000000	1.000000	44.569936
	10235.000000	0.000000	41.543190
	10240.000000	1.000000	40.912130
	10245.000000	1.000000	40.428077
	10250.000000	1.000000	41.123910
	10255.000000	1.000000	41.507939
	10260.000000	1.000000	43.279057
	10265.000000	1.000000	43.618056
	10270.000000	0.000000	45.593352
	10275.000000	0.000000	48.758544
	10280.000000	0.000000	49.394682
	10285.000000	1.000000	51.564834
	10290.000000	0.000000	49.645470
	10295.000000	0.000000	48.838550
	10300.000000	0.000000	47.981055
	10305.000000	0.000000	49.487311
	10310.000000	1.000000	46.737852
	10315.000000	0.000000	44.209419
	10320.000000	1.000000	40.697785
	10325.000000	1.000000	39.063989
	10330.000000	1.000000	39.103684
	10335.000000	1.000000	37.610101
	10340.000000	1.000000	35.812411
	10345.000000	0.000000	36.803774
	10350.000000	1.000000	38.515704
	10355.000000	0.000000	41.116437
	10360.000000	1.000000	43.066626
	10365.000000	0.000000	43.741354
	10370.000000	0.000000	43.375565
	10375.000000	1.000000	44.329524
	10380.000000	1.000000	43.721042
	10385.000000	1.000000	44.242675
	10390.000000	1.000000	43.915437
	10395.000000	1.000000	41.320462
	10400.000000	1.000000	44.516622
	10405.000000	1.000000	44.766540
	10410.000000	1.000000	49.134170
	10415.000000	0.000000	49.592694
	10420.000000	0.000000	51.839925
	10425.000000	1.000000	53.785624
	10430.000000	0.000000	53.559442
	10435.000000	1.000000	54.696444
	10440.000000	1.000000	54.070844
	10445.000000	0.000000	51.305548
	10450.000000	0.000000	51.769634
	10455.000000	0.000000	51.382838
	10460.000000	1.000000	50.155461
	10465.000000	1.000000	49.942420
	10470.000000	1.000000	49.192100
	10475.000000	0.000000	45.679556
	10480.000000	1.000000	45.635760
	10485.000000	0.000000	45.943116
	10490.000000	1.000000	47.165473
	10495.000000	0.000000	46.300683
	10500.000000	0.000000	46.136238
	10505.000000	0.000000	47.633207
	10510.000000	1.000000	45.590182
	10515.000000	0.000000	43.006989
	10520.000000	1.000000	43.747064
	10525.000000	1.000000	40.916249
	10530.000000	1.000000	39.306655
	10535.000000	0.000000	39.240038
	10540.000000	1.000000	38.661197
	10545.000000	0.000000	40.644002
	10550.000000	0.000000	41.388126
	10555.000000	0.000000	40.720057
	10560.000000	1.000000	42.374367
	10565.000000	1.000000	41.736494
	10570.000000	0.000000	39.733905
	10575.000000	0.000000	39.757845
	10580.000000	0.000000	39.197726
	10585.000000	1.000000	38.622469
	10590.000000	1.000000	37.977384
	10595.000000	1.000000	35.628436
	10600.000000	1.000000	33.977158
	10605.000000	0.000000	35.144581
	10610.000000	1.000000	36.766482
	10615.000000	1.000000	38.111600
	10620.000000	0.000000	39.670306
	10625.000000	0.000000	41.444031
	10630.000000	1.000000	42.432995
	10635.000000	0.000000	44.003312
	10640.000000	0.000000	43.397418
	10645.000000	0.000000	41.681533
	10650.000000	0.000000	41.968667
	10655.000000	0.000000	40.324479
	10660.000000	1.000000	38.851691
	10665.000000	0.000000	37.227583
	10670.000000	0.000000	35.242138
	10675.000000	0.000000	31.524769
	10680.000000	1.000000	32.519304
	10685.000000	0.000000	30.365498
	10690.000000	1.000000	30.200950
	10695.000000	1.000000	26.870397
	10700.000000	0.000000	28.670392
	10705.000000	1.000000	26.646208
	10710.000000	0.000000	27.517120
	10715.000000	0.000000	30.620151
	10720.000000	0.000000	30.270161
	10725.000000	0.000000	30.826827
	10730.000000	0.000000	31.229682
	10735.000000	0.000000	29.928383
	10740.000000	0.000000	29.767965
	10745.000000	1.000000	27.290506
	10750.000000	1.000000	25.979590
	10755.000000	0.000000	24.764556
	10760.000000	0.000000	24.042816
	10765.000000	0.000000	24.551655
	10770.000000	1.000000	24.217876
	10775.000000	0.000000	24.897841
	10780.000000	0.000000	23.811356
	10785.000000	0.000000	23.137527
	10790.000000	0.000000	25.102973
	10795.000000	1.000000	22.954610
	10800.000000	1.000000	23.492881
	10805.000000	1.000000	21.473962
	10810.000000	1.000000	21.554301
	10815.000000	1.000000	22.340124
	10820.000000	1.000000	24.474599
	10825.000000	1.000000	27.052997
	10830.000000	1.000000	30.865923
	10835.000000	1.000000	33.516416
	10840.000000	1.000000	36.557191
	10845.000000	1.000000	38.832649
	10850.000000	0.000000	42.492084
	10855.000000	1.000000	45.701969
	10860.000000	1.000000	49.739635
	10865.000000	1.000000	49.331758
	10870.000000	1.000000	50.952684
	10875.000000	1.000000	54.167226
	10880.000000	0.000000	54.800320
	10885.000000	1.000000	56.912111
	10890.000000	0.000000	57.289239
	10895.000000	1.000000	58.789152
	10900.000000	1.000000	58.067073
	10905.000000	0.000000	58.823009
	10910.000000	1.000000	57.929429
	10915.000000	1.000000	58.465944
	10920.000000	1.000000	58.135280
	10925.000000	1.000000	57.095879
	10930.000000	0.000000	56.665889
	10935.000000	1.000000	57.580439
	10940.000000	0.000000	58.666774
	10945.000000	1.000000	58.913051
	10950.000000	0.000000	58.697169
	10955.000000	1.000000	56.340692
	10960.000000	1.000000	55.658237
	10965.000000	0.000000	54.776933
	10970.000000	1.000000	53.003312
	10975.000000	1.000000	54.368880
	10980.000000	1.000000	52.738966
	10985.000000	0.000000	53.225247
	10990.000000	1.000000	52.588005
	10995.000000	1.000000	52.954509
	11000.000000	0.000000	53.176369
	11005.000000	1.000000	53.164900
	11010.000000	0.000000	53.325410
	11015.000000	0.000000	54.417710
	11020.000000	0.000000	52.667232
	11025.000000	1.000000	53.426802
	11030.000000	0.000000	50.323466
	11035.000000	1.000000	47.744836
	11040.000000	0.000000	46.358198
	11045.000000	1.000000	44.934663
	11050.000000	1.000000	45.244023
	11055.000000	1.000000	42.467221
	11060.000000	0.000000	41.785140
	11065.000000	0.000000	41.870429
	11070.000000	1.000000	43.121703
	11075.000000	1.000000	44.277910
	11080.000000	1.000000	43.112267
	11085.000000	0.000000	43.006405
	11090.000000	1.000000	43.563835
	11095.000000	1.000000	45.870412
	11100.000000	1.000000	46.167557
	11105.000000	0.000000	45.692260
	11110.000000	1.000000	46.763026
	11115.000000	1.000000	48.060001
	11120.000000	1.000000	47.552330
	11125.000000	1.000000	47.311631
	11130.000000	1.000000	49.246731
	11135.000000	0.000000	50.842021
	11140.000000	0.000000	52.467936
	11145.000000	1.000000	54.765265
	11150.000000	1.000000	54.233937
	11155.000000	1.000000	54.915503
	11160.000000	0.000000	55.818531
	11165.000000	1.000000	53.452775
	11170.000000	0.000000	53.375048
	11175.000000	0.000000	53.126594
	11180.000000	0.000000	54.121019
	11185.000000	1.000000	53.934493
	11190.000000	1.000000	52.824036
	11195.000000	1.000000	49.398350
	11200.000000	0.000000	47.455935
	11205.000000	0.000000	45.210266
	11210.000000	1.000000	46.213290
	11215.000000	1.000000	47.104308
	11220.000000	1.000000	46.531445
	11225.000000	0.000000	46.329658
	11230.000000	0.000000	44.924325
	11235.000000	0.000000	47.115168
	11240.000000	1.000000	48.073299
	11245.000000	0.000000	45.775721
	11250.000000	1.000000	45.571769
	11255.000000	1.000000	44.153093
	11260.000000	0.000000	41.019192
	11265.000000	0.000000	41.865947
	11270.000000	0.000000	42.225166
	11275.000000	1.000000	41.687471
	11280.000000	0.000000	43.141430
	11285.000000	0.000000	39.189176
	11290.000000	0.000000	36.638776
	11295.000000	1.000000	39.332530
	11300.000000	0.000000	35.024936
	11305.000000	1.000000	35.274338
	11310.000000	1.000000	34.468779
	11315.000000	1.000000	33.410003
	11320.000000	1.000000	32.540453
	11325.000000	0.000000	32.535245
	11330.000000	0.000000	34.885345
	11335.000000	0.000000	37.540872
	11340.000000	0.000000	37.862190
	11345.000000	1.000000	38.288103
	11350.000000	0.000000	37.037983
	11355.000000	1.000000	35.367890
	11360.000000	1.000000	35.494062
	11365.000000	1.000000	34.623093
	11370.000000	1.000000	33.666007
	11375.000000	0.000000	35.793343
	11380.000000	0.000000	37.074475
	11385.000000	1.000000	38.497829
	11390.000000	0.000000	38.781503
	11395.000000	1.000000	39.479590
	11400.000000	0.000000	41.014016
	11405.000000	1.000000	40.875638
	11410.000000	1.000000	40.536062
	11415.000000	0.000000	39.595460
	11420.000000	1.000000	41.024537
	11425.000000	1.000000	40.950289
	11430.000000	0.000000	42.213506
	11435.000000	1.000000	41.785780
	11440.000000	1.000000	42.407741
	11445.000000	1.000000	44.998033
	11450.000000	0.000000	42.193325
	11455.000000	1.000000	44.006414
	11460.000000	1.000000	47.639017
	11465.000000	1.000000	46.668873
	11470.000000	1.000000	47.210957
	11475.000000	0.000000	48.600512
	11480.000000	0.000000	50.118783
	11485.000000	0.000000	53.035023
	11490.000000	1.000000	54.121436
	11495.000000	1.000000	50.615678
	11500.000000	1.000000	51.074871
	11505.000000	1.000000	49.528874
	11510.000000	1.000000	47.784969
	11515.000000	1.000000	51.268432
	11520.000000	0.000000	51.226063
	11525.000000	0.000000	50.049053
	11530.000000	0.000000	52.400462
	11535.000000	1.000000	54.211717
	11540.000000	1.000000	53.303113
	11545.000000	0.000000	52.613387
	11550.000000	0.000000	50.296670
	11555.000000	0.000000	50.895096
	11560.000000	1.000000	48.414476
	11565.000000	0.000000	47.401237
	11570.000000	0.000000	46.517140
	11575.000000	1.000000	43.588591
	11580.000000	0.000000	44.033242
	11585.000000	1.000000	42.002766
	11590.000000	1.000000	39.484784
	11595.000000	1.000000	38.200360
	11600.000000	1.000000	37.663279
	11605.000000	0.000000	38.163452
	11610.000000	1.000000	39.314181
	11615.000000	0.000000	40.101463
	11620.000000	1.000000	42.741155
	11625.000000	1.000000	42.165500
	11630.000000	0.000000	42.364096
	11635.000000	1.000000	42.408313
	11640.000000	0.000000	44.236001
	11645.000000	1.000000	44.866476
	11650.000000	1.000000	43.371480
	11655.000000	0.000000	45.911054
	11660.000000	1.000000	45.603325
	11665.000000	0.000000	46.008055
	11670.000000	0.000000	45.732156
	11675.000000	0.000000	45.658477
	11680.000000	0.000000	46.207719
	11685.000000	1.000000	45.017437
	11690.000000	0.000000	43.502714
	11695.000000	0.000000	43.506166
	11700.000000	1.000000	39.516304
	11705.000000	1.000000	39.035295
	11710.000000	0.000000	37.865524
	11715.000000	1.000000	35.399471
	11720.000000	0.000000	36.760475
	11725.000000	0.000000	35.597105
	11730.000000	0.000000	34.345036
	11735.000000	0.000000	34.912229
	11740.000000	1.000000	36.406700
	11745.000000	0.000000	33.702167
	11750.000000	1.000000	33.664181
	11755.000000	1.000000	30.712723
	11760.000000	1.000000	29.179327
	11765.000000	0.000000	30.815875
	11770.000000	1.000000	33.633738
	11775.000000	0.000000	32.951923
	11780.000000	1.000000	35.686599
	11785.000000	0.000000	33.804338
	11790.000000	1.000000	35.189353
	11795.000000	1.000000	36.869464
	11800.000000	0.000000	36.052832
	11805.000000	0.000000	37.638136
	11810.000000	1.000000	37.039432
	11815.000000	1.000000	39.447106
	11820.000000	0.000000	38.757310
	11825.000000	1.000000	38.442528
	11830.000000	1.000000	40.415183
	11835.000000	1.000000	40.050459
	11840.000000	1.000000	41.812282
	11845.000000	1.000000	40.198720
	11850.000000	0.000000	43.203291
	11855.000000	0.000000	44.176674
	11860.000000	0.000000	47.665596
	11865.000000	0.000000	48.975059
	11870.000000	1.000000	49.793956
	11875.000000	0.000000	47.142952
	11880.000000	1.000000	45.105658
	11885.000000	0.000000	42.951845
	11890.000000	1.000000	42.795959
	11895.000000	1.000000	41.387898
	11900.000000	0.000000	41.425782
	11905.000000	0.000000	40.462938
	11910.000000	1.000000	39.948512
	11915.000000	1.000000	40.985456
	11920.000000	1.000000	40.209939
	11925.000000	1.000000	39.481228
	11930.000000	1.000000	39.942313
	11935.000000	1.000000	41.455556
	11940.000000	1.000000	43.086497
	11945.000000	1.000000	44.391644
	11950.000000	1.000000	45.990428
	11955.000000	0.000000	51.013935
	11960.000000	1.000000	52.185994
	11965.000000	0.000000	52.874750
	11970.000000	1.000000	54.534000
	11975.000000	1.000000	55.879560
	11980.000000	1.000000	54.642875
	11985.000000	0.000000	55.566287
	11990.000000	1.000000	55.219609
	11995.000000	1.000000	56.149932
	12000.000000	1.000000	56.403968
	12005.000000	0.000000	56.511690
	12010.000000	0.000000	55.412874
	12015.000000	1.000000	56.243822
	12020.000000	0.000000	55.999217
	12025.000000	1.000000	56.266879
	12030.000000	1.000000	54.919333
	12035.000000	0.000000	52.350755
	12040.000000	1.000000	50.722049
	12045.000000	1.000000	52.691905
	12050.000000	1.000000	50.563613
	12055.000000	1.000000	51.867977
	12060.000000	1.000000	51.779579
	12065.000000	0.000000	52.719042
	12070.000000	0.000000	52.982327
	12075.000000	1.000000	55.504800
	12080.000000	0.000000	56.301589
	12085.000000	1.000000	53.443381
	12090.000000	0.000000	52.078358
	12095.000000	1.000000	51.606477
	12100.000000	0.000000	51.984416
	12105.000000	0.000000	51.070149
	12110.000000	1.000000	51.163784
	12115.000000	1.000000	48.716308
	12120.000000	0.000000	46.934445
	12125.000000	1.000000	45.716085
	12130.000000	0.000000	44.912208
	12135.000000	1.000000	45.256794
	12140.000000	1.000000	43.457148
	12145.000000	1.000000	44.220755
	12150.000000	1.000000	42.720334
	12155.000000	0.000000	44.560647
	12160.000000	1.000000	45.234543
	12165.000000	0.000000	47.437950
	12170.000000	0.000000	48.399962
	12175.000000	0.000000	49.401318
	12180.000000	0.000000	47.482854
	12185.000000	1.000000	47.388319
	12190.000000	0.000000	46.737317
	12195.000000	1.000000	42.740901
	12200.000000	0.000000	41.191933
	12205.000000	1.000000	39.710005
	12210.000000	0.000000	40.228619
	12215.000000	1.000000	38.135362
	12220.000000	0.000000	37.677386
	12225.000000	1.000000	37.255109
	12230.000000	1.000000	36.682206
	12235.000000	1.000000	36.085165
	12240.000000	0.000000	38.597877
	12245.000000	0.000000	37.331463
	12250.000000	0.000000	37.206403
	12255.000000	0.000000	40.248367
	12260.000000	1.000000	41.466267
	12265.000000	0.000000	39.362941
	12270.000000	1.000000	37.732588
	12275.000000	1.000000	34.963135
	12280.000000	0.000000	35.484954
	12285.000000	1.000000	35.873180
	12290.000000	0.000000	36.130322
	12295.000000	0.000000	37.064266
	12300.000000	1.000000	38.589628
	12305.000000	0.000000	38.780919
	12310.000000	0.000000	35.862043
	12315.000000	0.000000	37.161088
	12320.000000	0.000000	35.295386
	12325.000000	1.000000	34.447560
	12330.000000	0.000000	33.509864
	12335.000000	0.000000	32.004864
	12340.000000	1.000000	30.768150
	12345.000000	0.000000	30.599481
	12350.000000	1.000000	30.125227
	12355.000000	1.000000	27.711444
	12360.000000	0.000000	28.555607
	12365.000000	0.000000	28.439290
	12370.000000	0.000000	30.787014
	12375.000000	1.000000	29.494031
	12380.000000	0.000000	28.761465
	12385.000000	1.000000	29.888264
	12390.000000	0.000000	29.823590
	12395.000000	1.000000	28.563280
	12400.000000	0.000000	30.849980
	12405.000000	1.000000	29.700917
	12410.000000	1.000000	29.508614
	12415.000000	0.000000	30.958295
	12420.000000	1.000000	31.840907
	12425.000000	1.000000	32.802468
	12430.000000	0.000000	33.101189
	12435.000000	0.000000	34.840210
	12440.000000	1.000000	37.110816
	12445.000000	1.000000	38.865527
	12450.000000	0.000000	36.559242
	12455.000000	1.000000	37.391124
	12460.000000	1.000000	37.987540
	12465.000000	0.000000	39.128544
	12470.000000	1.000000	40.654078
	12475.000000	1.000000	41.463971
	12480.000000	0.000000	41.753029
	12485.000000	0.000000	44.178048
	12490.000000	0.000000	43.200383
	12495.000000	1.000000	44.183258
	12500.000000	1.000000	44.576227
	12505.000000	1.000000	43.402644
	12510.000000	1.000000	43.490458
	12515.000000	0.000000	41.642065
	12520.000000	0.000000	43.250048
	12525.000000	1.000000	41.746064
	12530.000000	0.000000	43.997998
	12535.000000	0.000000	43.684985
	12540.000000	1.000000	43.830519
	12545.000000	0.000000	43.492402
	12550.000000	1.000000	41.336046
	12555.000000	0.000000	40.003381
	12560.000000	1.000000	41.509904
	12565.000000	0.000000	39.679541
	12570.000000	1.000000	39.952621
	12575.000000	1.000000	39.690040
	12580.000000	0.000000	39.274228
	12585.000000	0.000000	39.154718
	12590.000000	1.000000	40.752419
	12595.000000	0.000000	40.318065
	12600.000000	0.000000	39.881003
	12605.000000	1.000000	39.370290
	12610.000000	1.000000	38.089309
	12615.000000	1.000000	38.046909
	12620.000000	1.000000	38.668407
	12625.000000	0.000000	36.131958
	12630.000000	0.000000	38.116150
	12635.000000	1.000000	40.334159
	12640.000000	0.000000	41.018130
	12645.000000	0.000000	39.985913
	12650.000000	0.000000	42.048418
	12655.000000	0.000000	40.276930
	12660.000000	1.000000	40.757286
	12665.000000	0.000000	39.131467
	12670.000000	1.000000	36.238423
	12675.000000	0.000000	34.989482
	12680.000000	0.000000	35.173926
	12685.000000	1.000000	33.564977
	12690.000000	1.000000	32.425290
	12695.000000	0.000000	32.106847
	12700.000000	1.000000	32.033482
	12705.000000	1.000000	34.848311
	12710.000000	0.000000	33.726406
	12715.000000	1.000000	34.614837
	12720.000000	1.000000	34.525618
	12725.000000	1.000000	35.143708
	12730.000000	0.000000	36.605448
	12735.000000	0.000000	38.302624
	12740.000000	1.000000	39.406147
	12745.000000	1.000000	40.943167
	12750.000000	1.000000	41.558205
	12755.000000	0.000000	41.631452
	12760.000000	0.000000	42.604833
	12765.000000	1.000000	45.475412
	12770.000000	1.000000	45.162547
	12775.000000	0.000000	45.397088
	12780.000000	1.000000	44.098392
	12785.000000	1.000000	44.097405
	12790.000000	0.000000	45.106716
	12795.000000	1.000000	44.639283
	12800.000000	0.000000	45.519314
	12805.000000	0.000000	45.902989
	12810.000000	0.000000	47.362040
	12815.000000	0.000000	43.924877
	12820.000000	1.000000	45.411315
	12825.000000	1.000000	43.911758
	12830.000000	0.000000	42.079683
	12835.000000	1.000000	40.121351
	12840.000000	1.000000	39.502509
	12845.000000	0.000000	37.628414
	12850.000000	1.000000	37.419666
	12855.000000	1.000000	38.939904
	12860.000000	0.000000	40.299538
	12865.000000	1.000000	40.368257
	12870.000000	0.000000	40.630819
	12875.000000	1.000000	42.041295
	12880.000000	1.000000	43.199586
	12885.000000	1.000000	42.003786
	12890.000000	1.000000	43.530650
	12895.000000	1.000000	44.954723
	12900.000000	0.000000	45.461643
	12905.000000	0.000000	46.725984
	12910.000000	0.000000	47.852111
	12915.000000	0.000000	49.763781
	12920.000000	0.000000	48.500724
	12925.000000	0.000000	47.329579
	12930.000000	1.000000	46.741565
	12935.000000	0.000000	44.359980
	12940.000000	1.000000	39.633099
	12945.000000	1.000000	37.648523
	12950.000000	1.000000	37.953244
	12955.000000	0.000000	35.906825
	12960.000000	0.000000	36.352580
	12965.000000	1.000000	39.601767
	12970.000000	1.000000	38.330892
	12975.000000	0.000000	37.328098
	12980.000000	1.000000	38.471069
	12985.000000	1.000000	37.901347
	12990.000000	1.000000	38.762503
	12995.000000	1.000000	40.216921
	13000.000000	0.000000	41.962678
	13005.000000	0.000000	41.660417
	13010.000000	0.000000	46.649572
	13015.000000	0.000000	46.183244
	13020.000000	0.000000	45.445146
	13025.000000	1.000000	44.189859
	13030.000000	1.000000	44.102327
	13035.000000	1.000000	40.061392
	13040.000000	1.000000	38.948091
	13045.000000	1.000000	40.162486
	13050.000000	1.000000	39.512810
	13055.000000	1.000000	41.331581
	13060.000000	0.000000	43.473341
	13065.000000	1.000000	44.050958
	13070.000000	1.000000	47.095929
	13075.000000	1.000000	48.166617
	13080.000000	0.000000	48.357832
	13085.000000	1.000000	49.684070
	13090.000000	0.000000	52.015784
	13095.000000	1.000000	54.530094
	13100.000000	0.000000	53.752767
	13105.000000	1.000000	52.270234
	13110.000000	0.000000	51.044597
	13115.000000	0.000000	51.611973
	13120.000000	0.000000	50.384918
	13125.000000	1.000000	50.485996
	13130.000000	1.000000	48.085926
	13135.000000	0.000000	48.364551
	13140.000000	0.000000	44.883171
	13145.000000	1.000000	43.687437
	13150.000000	0.000000	43.379550
	13155.000000	1.000000	42.489417
	13160.000000	1.000000	41.761992
	13165.000000	1.000000	39.961437
	13170.000000	0.000000	38.597119
	13175.000000	0.000000	39.774372
	13180.000000	0.000000	42.649388
	13185.000000	1.000000	42.143640
	13190.000000	1.000000	40.987898
	13195.000000	1.000000	41.287516
	13200.000000	1.000000	39.764712
	13205.000000	1.000000	40.684260
	13210.000000	0.000000	41.302818
	13215.000000	0.000000	41.499112
	13220.000000	0.000000	43.938271
	13225.000000	0.000000	45.131624
	13230.000000	1.000000	45.724987
	13235.000000	1.000000	44.673750
	13240.000000	1.000000	41.734800
	13245.000000	0.000000	42.300167
	13250.000000	1.000000	39.727966
	13255.000000	1.000000	43.619972
	13260.000000	0.000000	43.031569
	13265.000000	1.000000	42.384053
	13270.000000	1.000000	43.120691
	13275.000000	0.000000	43.412680
	13280.000000	1.000000	44.858767
	13285.000000	1.000000	45.353258
	13290.000000	0.000000	46.050475
	13295.000000	1.000000	45.497187
	13300.000000	1.000000	46.065425
	13305.000000	1.000000	49.695319
	13310.000000	1.000000	47.708814
	13315.000000	1.000000	48.532734
	13320.000000	1.000000	50.658716
	13325.000000	1.000000	49.379348
	13330.000000	1.000000	53.872885
	13335.000000	0.000000	53.749960
	13340.000000	1.000000	55.468788
	13345.000000	0.000000	59.284447
	13350.000000	0.000000	58.373946
	13355.000000	1.000000	58.591311
	13360.000000	1.000000	57.603148
	13365.000000	0.000000	58.439771
	13370.000000	1.000000	57.142323
	13375.000000	1.000000	56.498230
	13380.000000	0.000000	54.376344
	13385.000000	0.000000	53.057804
	13390.000000	1.000000	53.281263
	13395.000000	1.000000	51.496119
	13400.000000	0.000000	51.674417
	13405.000000	0.000000	49.601218
	13410.000000	1.000000	49.840774
	13415.000000	0.000000	49.251675
	13420.000000	1.000000	47.578760
	13425.000000	1.000000	47.516019
	13430.000000	0.000000	45.367232
	13435.000000	1.000000	44.412175
	13440.000000	0.000000	45.749319
	13445.000000	0.000000	45.096075
	13450.000000	1.000000	44.173912
	13455.000000	1.000000	44.973080
	13460.000000	0.000000	42.172227
	13465.000000	0.000000	42.853129
	13470.000000	0.000000	41.603680
	13475.000000	1.000000	41.250469
	13480.000000	0.000000	42.434064
	13485.000000	1.000000	39.222949
	13490.000000	1.000000	38.935362
	13495.000000	1.000000	36.916079
	13500.000000	1.000000	36.079839
	13505.000000	1.000000	37.109455
	13510.000000	1.000000	39.381164
	13515.000000	0.000000	41.735768
	13520.000000	0.000000	42.446662
	13525.000000	1.000000	43.919090
	13530.000000	0.000000	45.974380
	13535.000000	0.000000	45.660130
	13540.000000	0.000000	46.175210
	13545.000000	0.000000	45.915398
	13550.000000	0.000000	45.063262
	13555.000000	0.000000	43.461258
	13560.000000	1.000000	40.520100
	13565.000000	0.000000	39.077432
	13570.000000	0.000000	36.319633
	13575.000000	1.000000	34.083796
	13580.000000	0.000000	32.449339
	13585.000000	0.000000	32.659283
	13590.000000	0.000000	30.627793
	13595.000000	1.000000	30.203825
	13600.000000	0.000000	28.489435
	13605.000000	0.000000	27.593829
	13610.000000	1.000000	26.992064
	13615.000000	1.000000	26.636123
	13620.000000	0.000000	25.209796
	13625.000000	0.000000	25.181201
	13630.000000	0.000000	26.752584
	13635.000000	1.000000	28.467434
	13640.000000	0.000000	26.533965
	13645.000000	0.000000	26.883145
	13650.000000	1.000000	26.778363
	13655.000000	1.000000	26.545504
	13660.000000	1.000000	25.196430
	13665.000000	1.000000	24.832704
	13670.000000	1.000000	28.233490
	13675.000000	1.000000	28.587488
	13680.000000	0.000000	32.583229
	13685.000000	0.000000	35.610828
	13690.000000	0.000000	37.746156
	13695.000000	0.000000	37.165586
	13700.000000	1.000000	40.345795
	13705.000000	0.000000	40.690729
	13710.000000	0.000000	39.235713
	13715.000000	0.000000	38.003362
	13720.000000	1.000000	36.852079
	13725.000000	1.000000	35.812422
	13730.000000	0.000000	34.825025
	13735.000000	0.000000	32.077607
	13740.000000	0.000000	34.218097
	13745.000000	1.000000	35.618019
	13750.000000	0.000000	34.246347
	13755.000000	1.000000	32.326301
	13760.000000	1.000000	31.282010
	13765.000000	0.000000	31.549778
	13770.000000	1.000000	30.478340
	13775.000000	1.000000	31.826762
	13780.000000	1.000000	32.907459
	13785.000000	0.000000	33.403241
	13790.000000	0.000000	36.194559
	13795.000000	0.000000	36.964946
	13800.000000	0.000000	37.734328
	13805.000000	1.000000	39.647028
	13810.000000	0.000000	38.450045
	13815.000000	0.000000	37.123691
	13820.000000	1.000000	35.222330
	13825.000000	0.000000	34.224643
	13830.000000	1.000000	35.084425
	13835.000000	0.000000	33.260384
	13840.000000	0.000000	35.279903
	13845.000000	0.000000	31.183958
	13850.000000	0.000000	31.552788
	13855.000000	1.000000	32.590994
	13860.000000	0.000000	32.440607
	13865.000000	0.000000	29.343788
	13870.000000	0.000000	29.726459
	13875.000000	0.000000	28.807786
	13880.000000	0.000000	27.504245
	13885.000000	1.000000	25.189651
	13890.000000	0.000000	24.934623
	13895.000000	0.000000	22.728823
	13900.000000	1.000000	22.550884
	13905.000000	1.000000	22.365640
	13910.000000	0.000000	19.952900
	13915.000000	1.000000	21.062821
	13920.000000	1.000000	22.187943
	13925.000000	0.000000	23.518837
	13930.000000	0.000000	24.911315
	13935.000000	0.000000	26.456411
	13940.000000	1.000000	28.317396
	13945.000000	0.000000	29.167715
	13950.000000	0.000000	29.692703
	13955.000000	1.000000	28.924645
	13960.000000	0.000000	29.906337
	13965.000000	0.000000	30.187469
	13970.000000	1.000000	30.630303
	13975.000000	1.000000	28.136014
	13980.000000	1.000000	29.178216
	13985.000000	0.000000	29.405954
	13990.000000	1.000000	28.674869
	13995.000000	1.000000	31.511194
	14000.000000	1.000000	31.967862
	14005.000000	0.000000	33.645755
	14010.000000	0.000000	38.127323
	14015.000000	1.000000	38.882093
	14020.000000	1.000000	39.611912
	14025.000000	1.000000	39.731061
	14030.000000	1.000000	40.465108
	14035.000000	0.000000	39.654635
	14040.000000	1.000000	42.357671
	14045.000000	1.000000	44.563128
	14050.000000	0.000000	44.832091
	14055.000000	1.000000	45.798555
	14060.000000	0.000000	48.063498
	14065.000000	0.000000	47.256605
	14070.000000	0.000000	48.029260
	14075.000000	0.000000	49.759751
	14080.000000	0.000000	47.997460
	14085.000000	1.000000	45.793423
	14090.000000	0.000000	43.885857
	14095.000000	1.000000	41.174207
	14100.000000	1.000000	40.597354
	14105.000000	0.000000	38.407007
	14110.000000	0.000000	35.840338
	14115.000000	1.000000	36.840559
	14120.000000	1.000000	35.077968
	14125.000000	1.000000	36.550763
	14130.000000	0.000000	35.462637
	14135.000000	0.000000	37.003888
	14140.000000	1.000000	37.685488
	14145.000000	1.000000	38.830240
	14150.000000	1.000000	37.190860
	14155.000000	1.000000	39.878015
	14160.000000	1.000000	38.268630
	14165.000000	0.000000	40.188214
	14170.000000	1.000000	42.683572
	14175.000000	0.000000	43.625652
	14180.000000	1.000000	46.319379
	14185.000000	0.000000	47.125955
	14190.000000	1.000000	46.730124
	14195.000000	1.000000	46.868237
	14200.000000	1.000000	46.235447
	14205.000000	1.000000	46.386315
	14210.000000	1.000000	46.292034
	14215.000000	1.000000	49.343978
	14220.000000	0.000000	48.530714
	14225.000000	1.000000	51.204461
	14230.000000	0.000000	52.947668
	14235.000000	0.000000	55.386944
	14240.000000	0.000000	56.211690
	14245.000000	0.000000	54.744532
	14250.000000	0.000000	52.238656
	14255.000000	1.000000	51.997496
	14260.000000	1.000000	48.651518
	14265.000000	0.000000	47.242224
	14270.000000	1.000000	43.959197
	14275.000000	0.000000	42.190754
	14280.000000	0.000000	42.407223
	14285.000000	1.000000	41.681064
	14290.000000	0.000000	40.776770
	14295.000000	0.000000	38.466875
	14300.000000	1.000000	38.762879
	14305.000000	1.000000	37.513839
	14310.000000	1.000000	36.562207
	14315.000000	0.000000	35.451481
	14320.000000	0.000000	36.233998
	14325.000000	1.000000	37.701303
	14330.000000	1.000000	39.123093
	14335.000000	0.000000	38.728249
	14340.000000	0.000000	38.097969
	14345.000000	1.000000	37.767532
	14350.000000	0.000000	37.435773
	14355.000000	1.000000	37.861984
	14360.000000	0.000000	38.903865
	14365.000000	0.000000	38.620021
	14370.000000	1.000000	38.203796
	14375.000000	0.000000	37.605049
	14380.000000	0.000000	37.611366
	14385.000000	1.000000	37.120886
	14390.000000	0.000000	36.397099
	14395.000000	0.000000	35.308545
	14400.000000	1.000000	34.505916
	14405.000000	0.000000	33.433728
	14410.000000	1.000000	33.371432
	14415.000000	1.000000	32.735178
	14420.000000	1.000000	31.507365
	14425.000000	1.000000	31.583395
	14430.000000	1.000000	32.168535
	14435.000000	1.000000	35.852656
	14440.000000	0.000000	36.864370
	14445.000000	1.000000	40.935982
	14450.000000	1.000000	42.814514
	14455.000000	0.000000	44.301704
	14460.000000	0.000000	43.696025
	14465.000000	0.000000	46.569612
	14470.000000	0.000000	47.766396
	14475.000000	1.000000	47.027831
	14480.000000	0.000000	45.563059
	14485.000000	0.000000	46.312030
	14490.000000	0.000000	41.648905
	14495.000000	0.000000	40.623257
	14500.000000	0.000000	38.001904
	14505.000000	0.000000	37.408563
	14510.000000	0.000000	34.600879
	14515.000000	0.000000	31.468598
	14520.000000	1.000000	31.744130
	14525.000000	1.000000	26.542482
	14530.000000	0.000000	24.559452
	14535.000000	0.000000	24.999097
	14540.000000	1.000000	24.841424
	14545.000000	1.000000	25.679512
	14550.000000	0.000000	26.270540
	14555.000000	0.000000	24.928902
	14560.000000	0.000000	25.879741
	14565.000000	0.000000	25.846119
	14570.000000	0.000000	27.249248
	14575.000000	1.000000	26.749569
	14580.000000	0.000000	25.973970
	14585.000000	1.000000	24.520042
	14590.000000	1.000000	24.031873
	14595.000000	0.000000	25.304295
	14600.000000	1.000000	23.269401
	14605.000000	1.000000	26.439957
	14610.000000	1.000000	25.914514
	14615.000000	1.000000	28.196941
	14620.000000	0.000000	31.705567
	14625.000000	0.000000	33.296752
	14630.000000	0.000000	35.771383
	14635.000000	1.000000	37.705217
	14640.000000	0.000000	37.811230
	14645.000000	1.000000	37.630750
	14650.000000	1.000000	37.805119
	14655.000000	1.000000	38.472437
	14660.000000	1.000000	38.359895
	14665.000000	0.000000	39.011368
	14670.000000	1.000000	39.581666
	14675.000000	0.000000	42.480438
	14680.000000	0.000000	41.383178
	14685.000000	1.000000	43.587197
	14690.000000	0.000000	44.117761
	14695.000000	1.000000	44.020698
	14700.000000	0.000000	42.811202
	14705.000000	1.000000	44.138512
	14710.000000	0.000000	43.403352
	14715.000000	0.000000	41.054219
	14720.000000	0.000000	41.208376
	14725.000000	0.000000	40.650508
	14730.000000	0.000000	38.710906
	14735.000000	1.000000	39.239046
	14740.000000	0.000000	36.066765
	14745.000000	1.000000	34.326005
	14750.000000	0.000000	32.519469
	14755.000000	0.000000	33.107206
	14760.000000	0.000000	32.047921
	14765.000000	1.000000	30.401855
	14770.000000	1.000000	29.784545
	14775.000000	1.000000	28.142434
	14780.000000	1.000000	28.848770
	14785.000000	0.000000	27.638107
	14790.000000	0.000000	29.675052
	14795.000000	1.000000	32.197654
	14800.000000	1.000000	34.061935
	14805.000000	0.000000	34.599470
	14810.000000	1.000000	33.990458
	14815.000000	0.000000	35.392549
	14820.000000	1.000000	36.148048
	14825.000000	0.000000	37.946433
	14830.000000	0.000000	40.155465
	14835.000000	0.000000	38.869136
	14840.000000	0.000000	39.033131
	14845.000000	1.000000	39.198897
	14850.000000	0.000000	36.394619
	14855.000000	1.000000	34.832965
	14860.000000	1.000000	34.007421
	14865.000000	0.000000	32.698991
	14870.000000	0.000000	32.746648
	14875.000000	1.000000	33.612805
	14880.000000	0.000000	34.230930
	14885.000000	1.000000	34.153243
	14890.000000	0.000000	34.305685
	14895.000000	0.000000	34.317956
	14900.000000	1.000000	34.268349
	14905.000000	1.000000	33.959232
	14910.000000	0.000000	33.279871
	14915.000000	1.000000	34.630516
	14920.000000	0.000000	32.965882
	14925.000000	0.000000	35.981641
	14930.000000	1.000000	33.974189
	14935.000000	1.000000	35.488868
	14940.000000	1.000000	36.006931
	14945.000000	0.000000	34.490399
	14950.000000	1.000000	35.269376
	14955.000000	1.000000	37.347275
	14960.000000	0.000000	39.031633
	14965.000000	1.000000	38.368353
	14970.000000	0.000000	40.275920
	14975.000000	1.000000	42.604265
	14980.000000	1.000000	42.644977
	14985.000000	1.000000	42.370179
	14990.000000	0.000000	42.412418
	14995.000000	1.000000	44.165645
